
strategic_region={
	id=10
	name="STRATEGICREGION_10"
	provinces={
		5 68 102 146 172 234 304 342 342 382 382 430 438 525 538 562 574 574 620 622 627 644 732 733 795 816 826 826 846 862 1095 1112 1120 1121 1148 1276 1298 1298 1313 1365 1526 1556 1556 1630 1651 1667 1667 1720 1744 1767 1804 1804 1836 1854 1875 1875 1881 1881 2075 2088 2093 2120 2127 2137 2167 2167 2229 2244 2267 2321 2321 2439 2446 2536 2607 2623 2632 2669 2717 2775 2794 2807 2807 2901 2962 3103 3104 3147 3168 3188 3480 3492 3512 3700 3711 3711 3722 3805 3838 3838 4006 4186 4186 4241 4250 4250 4287 4296 4337 4337 4387 4393 4432 4506 4564 4564 4703 4729 4729 4749 4831 4841 4842 4877 4901 4910 4944 4944 4945 5044 5144 5189 5278 5472 5508 5593 5614 5731 5779 5896 5932 5932 5968 6051 6098 6159 6222 6325 6362 6377 6435 6513 6568 6568 6674 6675 6898 7015 7066 7228 7353 7368 7418 7425 7447 7475 7660 7660 7820 7839 7853 7853 7955 7991 7992 7997 8081 8100 8143 8189 8378 8469 8589 8605 8709 8839 8865 9200 9211 9230 9341 12883 12883 12968 12979 12979 12991 13025 13025 13031 13031 13033 13047 13074 13076 13076 13089 13120 13136 13136 13137 13156 13162 13164 13184 13187 13189 13195 13202 13220 13222 13223 13229 13232 13236 13237 13239 13246 13249 13258 13259 13261 13262 13266 13276 13279 13283 13315 13325 13337 13356 13359 13361 13362 13363 13386 13395 13412 13419 13440 13454 13470 13968 13969 13971 13972 17176 
	}
	weather={
	}
}
