
strategic_region={
	id=11
	name="STRATEGICREGION_11"
	provinces={
		10 88 114 225 245 309 347 638 673 723 755 1054 1115 1227 1430 1459 1543 1674 1693 1771 1815 1851 1855 1904 1916 2090 2138 2266 2279 2285 2725 2735 2802 2921 2961 3043 3185 3207 3215 3223 3250 3375 3436 3529 3581 3605 3678 3679 3855 3861 3938 3948 3969 3976 4035 4078 4087 4505 4510 4670 4700 4963 5165 5187 5432 5456 5495 5577 5809 5887 6016 6210 6643 6728 6730 6893 6984 7151 7635 7661 7706 7759 7960 8041 8103 8192 8360 8383 8523 8620 8623 8847 8937 8950 9079 9117 9127 9256 13749 13754 13766 13767 13768 13771 13772 13773 13780 13784 13790 13792 13793 13794 13801 13806 13807 13811 13814 13816 13821 13825 13829 13832 13834 13839 13842 14011 14012 14014 14015 14016 14017 14022 14028 14035 16931 16977 17008 17149 17150 17151 17152 17178 17179 
	}
	weather={
	}
}
