
strategic_region={
	id=14
	name="STRATEGICREGION_14"
	provinces={
		47 48 115 150 206 217 233 237 267 308 312 332 407 468 492 529 537 606 670 693 715 786 798 982 993 1099 1191 1225 1285 1380 1474 1496 1503 1554 1568 1602 1612 1694 1698 1708 1750 1788 1965 1986 2074 2101 2192 2208 2218 2259 2339 2358 2449 2462 2497 2648 2771 2838 2854 2892 2899 2929 3074 3109 3121 3146 3214 3225 3249 3266 3379 3411 3428 3444 3513 3578 3633 3657 3658 3727 3771 3786 3898 3915 3955 3967 3977 4072 4092 4274 4275 4325 4342 4468 4487 4523 4536 4545 4551 4571 4576 4714 4721 4750 4860 4933 4985 5024 5039 5056 5060 5107 5173 5180 5188 5205 5216 5244 5275 5341 5346 5382 5498 5504 5537 5676 5702 5739 5811 5834 5844 5868 5890 5909 5938 5950 5960 5971 5984 6011 6112 6169 6286 6287 6354 6423 6467 6518 6565 6626 6692 6736 6751 6791 6808 6810 6832 6865 6870 6962 6978 7104 7170 7182 7208 7225 7259 7292 7294 7416 7421 7468 7549 7555 7573 7613 7622 7644 7663 7692 7708 7722 7741 7766 7777 7794 7805 7834 7860 7909 7940 7990 8011 8021 8133 8236 8267 8346 8402 8424 8446 8463 8491 8507 8565 8612 8614 8615 8625 8640 8663 8729 8758 8845 8862 8874 8942 8943 8975 9004 9125 9136 9190 9227 9271 9275 9292 9355 9391 9412 9434 9470 13241 13268 13269 13273 13274 13277 13278 13281 13284 13287 13288 13291 13292 13293 13294 13301 13302 13303 13310 13311 13312 13313 13318 13320 13321 13327 13328 13329 13333 13335 13336 13339 13340 13343 13345 13346 13347 13348 13351 13352 13353 13354 13355 13357 13358 13360 13366 13368 13370 13371 13373 13375 13376 13377 13379 13381 13383 13385 13387 13388 13390 13392 13393 13394 13397 13400 13402 13404 13405 13406 13411 13415 13418 13420 13421 13423 13426 13429 13431 13432 13435 13436 13437 13438 13442 13444 13445 13448 13449 13450 13451 13452 13453 13455 13456 13457 13458 13463 13464 13468 13471 13472 13473 13474 13475 13477 13482 13484 13486 13490 13491 13492 13494 13513 13514 13528 13529 13530 13535 13540 13549 13551 13554 13556 13557 13563 13570 13575 13584 13592 13598 13599 13605 13607 13612 13616 13622 13631 13636 13648 13682 16863 16870 16913 16914 16916 16917 16918 16940 16948 16955 16994 17116 17117 17119 17122 17124 17125 17126 17127 17128 17130 17132 17138 17140 17142 17143 
	}
	weather={
	}
}
