
strategic_region={
	id=15
	name="Kavala"
	provinces={
		59 121 123 544 608 615 678 684 706 739 809 860 905 1353 1447 2060 2068 2207 2333 2416 2510 2705 2730 2867 3019 3086 3345 3361 3404 3589 3640 3686 3779 3932 3962 4050 4057 4198 4211 4240 4269 4340 4377 4424 4484 4497 4584 4768 4906 4952 5179 5502 5540 5569 5595 5635 5689 5802 5845 5963 6004 6034 6046 6188 6242 6313 6671 6716 7098 7434 7446 7560 7608 7775 7896 7910 8124 8176 8317 9043 9082 9086 9335 13275 13296 13299 13332 13341 13364 13369 13374 13380 13401 13407 13481 13496 13500 13511 13515 13533 13537 13553 13589 13627 13659 16896 16934 16958 16983 17014 17113 17114 17115 17129 17131 
	}
	weather={
	}
}
