
strategic_region={
	id=16
	name="STRATEGICREGION_16"
	provinces={
		17 166 192 308 355 404 490 499 553 575 766 786 789 790 824 828 843 878 942 1058 1329 1356 1547 1705 1717 1739 1778 1788 1832 1870 1988 2009 2021 2037 2047 2110 2218 2234 2269 2302 2347 2571 2668 2854 2978 3012 3026 3074 3109 3158 3181 3214 3220 3225 3381 3390 3411 3428 3644 3646 3714 3794 3799 3814 3992 4009 4084 4162 4175 4193 4202 4265 4330 4342 4469 4530 4545 4563 4571 4678 4714 4844 4886 4985 5008 5020 5068 5107 5149 5152 5197 5206 5233 5241 5242 5269 5271 5299 5332 5341 5384 5385 5441 5483 5523 5558 5564 5626 5634 5643 5663 5678 5702 5762 5780 5804 5811 5819 5824 5889 5895 5917 5928 5956 5985 6068 6120 6169 6171 6195 6226 6370 6379 6420 6499 6519 6541 6561 6599 6625 6672 6697 6721 6725 6804 6808 6874 6877 6891 6896 6913 6919 6927 6935 6966 6970 6972 6974 6978 6995 7001 7011 7045 7048 7064 7096 7176 7210 7233 7298 7305 7306 7346 7385 7396 7421 7443 7449 7461 7483 7493 7514 7519 7531 7546 7594 7613 7619 7622 7649 7684 7708 7735 7741 7742 7764 7777 7780 7803 7805 7832 7852 7909 7916 7946 7949 7969 8070 8112 8119 8133 8134 8198 8306 8307 8340 8345 8356 8372 8399 8409 8447 8456 8463 8472 8477 8506 8536 8548 8564 8565 8593 8637 8663 8671 8691 8772 8801 8838 8874 8951 8963 8980 8986 9002 9013 9105 9126 9139 9153 9154 9173 9182 9207 9219 9235 9245 9261 9280 9348 9352 9355 9370 9372 9412 9417 9449 9454 9472 13052 13085 13086 13087 13090 13097 13104 13105 13109 13110 13115 13126 13131 13142 13143 13157 13159 13167 13170 13171 13178 13190 13191 13198 13204 13208 13210 13211 13218 13224 13225 13227 13233 13234 13240 13242 13243 13244 13251 13253 13254 13255 13267 13270 13271 13280 13285 13286 13295 13297 13300 13303 13304 13306 13307 13308 13316 13317 13318 13319 13322 13323 13327 13328 13331 13335 13336 13338 13342 13343 13344 13346 13347 13352 13353 13355 13358 13365 13367 13370 13373 13376 13381 13382 13387 13389 13391 13393 13396 13399 13400 13404 13405 13406 13410 13413 13420 13422 13423 13424 13430 13432 13434 13436 13437 13438 13439 13441 13443 13450 13453 13455 13456 13461 13462 13463 13465 13469 13471 13476 13480 13485 13487 13489 13490 13498 13499 13504 13507 13509 13510 13512 13517 13518 13519 13522 13523 13524 13525 13527 13536 13539 13543 13545 13546 13547 13555 13561 13562 13566 13568 13569 13571 13573 13574 13576 13577 13578 13579 13580 13581 13587 13588 13591 13594 13595 13603 13604 13609 13610 13611 13613 13617 13618 13619 13626 13628 13635 13638 13639 13641 13642 13643 13644 13645 13647 13649 13650 13653 13655 13656 13657 13658 13661 13664 13667 13672 13675 13678 13684 13687 13693 16863 16914 16917 16918 16994 17116 17117 17122 17126 
	}
	weather={
	}
}
