
strategic_region={
	id=17
	name="STRATEGICREGION_17"
	provinces={
		15 105 144 249 257 319 374 437 567 643 810 1016 1021 1028 1187 1464 1512 1550 1623 1635 1737 1811 1900 1919 1937 1971 1975 1987 2000 2062 2097 2250 2303 2387 2424 2514 2733 2906 2947 2993 2994 2995 3027 3124 3210 3224 3325 3346 3360 3441 3453 3491 3515 3550 3601 3663 3719 3749 3776 3810 3813 3887 3951 3957 4051 4054 4075 4081 4097 4103 4124 4135 4136 4181 4248 4299 4333 4341 4451 4465 4476 4490 4500 4504 4539 4549 4614 4668 4679 4681 4760 4796 4827 4873 4981 5011 5019 5147 5148 5181 5240 5328 5350 5356 5367 5401 5453 5473 5566 5574 5585 5615 5617 5651 5677 5782 5841 5875 5876 5920 5945 5986 5987 5988 6037 6043 6047 6080 6102 6146 6156 6181 6228 6255 6257 6262 6291 6294 6317 6330 6361 6396 6506 6558 6590 6627 6636 6638 6662 6684 6743 6843 6931 6941 6949 6954 6956 6959 6971 7065 7067 7094 7100 7102 7107 7181 7191 7200 7211 7236 7245 7247 7251 7256 7321 7360 7361 7415 7454 7472 7479 7482 7551 7588 7601 7603 7615 7705 7781 7872 8037 8054 8065 8088 8148 8158 8196 8223 8264 8274 8282 8310 8323 8325 8333 8377 8381 8385 8389 8392 8408 8430 8464 8497 8509 8515 8560 8572 8575 8576 8630 8635 8646 8676 8724 8749 8819 8822 8835 8844 8863 8870 8901 8988 8996 8998 9001 9041 9084 9103 9112 9123 9183 9199 9239 9251 9263 9274 9300 9336 9338 9346 9396 9402 9410 9424 9427 9447 9456 12280 12284 12303 12305 12312 12327 12330 12335 12346 12374 12375 12391 12398 12435 12440 12456 12459 12466 12467 12471 12472 12478 12486 12487 12489 12492 12498 12499 12506 12513 12514 12515 12519 12526 12528 12530 12531 12535 12544 12547 12555 12560 12562 12578 12585 12588 12592 12596 12600 12601 12606 12607 12614 12620 12624 12626 12627 12629 12632 12634 12639 12640 12641 12644 12647 12648 12652 12657 12659 12667 12674 12681 12682 12684 12685 12687 12691 12696 12704 12705 12710 12712 12720 12722 12723 12730 12733 12734 12745 12746 12750 12752 12755 12756 12767 12769 12772 12776 12777 12778 12789 12799 12801 12802 12807 12810 12814 12817 12818 12822 12825 12826 12830 12831 12834 12835 12837 12840 12845 12848 12851 12852 12855 12856 12863 12866 12873 12874 12876 12878 12881 12888 12892 12896 12897 12903 12904 12915 12919 12921 12922 12924 12930 12935 12939 12940 12941 12943 12945 12947 12949 12950 12958 12959 12960 12963 12965 12969 12973 12978 12980 12981 12992 12996 12998 12999 13009 13013 13019 13021 13029 13034 13035 13036 13041 13042 13044 13048 13049 13051 13055 13065 13069 13070 13079 13080 13084 13092 16874 16901 16911 16949 16954 16978 17099 17101 17103 17104 17105 17172 
	}
	weather={
	}
}
