
strategic_region={
	id=18
	name="STRATEGICREGION_18"
	provinces={
		111 158 174 212 316 510 518 572 611 639 720 844 858 877 956 1153 1204 1327 1360 1519 1565 1616 1620 1706 1775 1868 1898 1962 2004 2025 2039 2123 2158 2162 2168 2198 2334 2355 2403 2408 2450 2484 2511 2606 2691 2753 2879 2910 2942 2997 3018 3062 3081 3179 3184 3196 3301 3355 3364 3538 3576 3587 3708 3742 3822 3853 3912 3937 3960 3974 4046 4062 4110 4119 4138 4146 4171 4278 4382 4425 4462 4470 4478 4568 4600 4808 4812 4815 4876 4881 4883 4895 4896 4938 5083 5097 5128 5129 5247 5266 5294 5301 5333 5344 5363 5457 5466 5518 5519 5541 5570 5613 5661 5705 5726 5728 5784 5849 5891 5902 5918 6095 6103 6108 6140 6148 6182 6184 6189 6198 6233 6244 6298 6331 6347 6409 6441 6482 6504 6550 6609 6618 6621 6633 6676 6748 6761 6773 6782 6824 6937 6948 7014 7078 7105 7121 7173 7252 7297 7344 7345 7355 7364 7377 7387 7507 7576 7590 7602 7662 7810 7813 7831 7881 7976 7981 8001 8015 8018 8032 8052 8089 8128 8138 8151 8162 8204 8230 8246 8256 8417 8452 8553 8573 8581 8597 8622 8629 8654 8668 8700 8717 8727 8840 8872 8884 8889 8913 8916 8933 8960 8981 8982 9018 9038 9049 9080 9104 9143 9147 9151 9193 9210 9337 9342 9345 9364 9431 12850 12864 12879 12893 12899 12905 12908 12916 12917 12918 12920 12926 12927 12933 12934 12937 12938 12946 12948 12951 12954 12961 12964 12966 12967 12970 12971 12974 12976 12983 12984 12986 12988 12989 12990 12997 13000 13001 13002 13003 13004 13005 13006 13007 13012 13014 13017 13020 13022 13024 13026 13028 13030 13032 13037 13038 13039 13045 13050 13053 13054 13056 13057 13058 13059 13062 13063 13064 13066 13071 13072 13075 13077 13078 13081 13082 13083 13088 13091 13093 13094 13098 13099 13102 13103 13106 13111 13112 13113 13114 13117 13121 13122 13123 13124 13127 13128 13129 13132 13133 13135 13139 13141 13144 13145 13146 13148 13150 13152 13153 13154 13155 13160 13165 13166 13172 13173 13174 13175 13176 13177 13180 13181 13185 13186 13188 13192 13193 13194 13196 13197 13199 13201 13205 13206 13207 13209 13213 13215 13219 13226 13228 13231 13235 13238 13245 13247 13248 13250 13256 13257 13260 13263 13264 13265 13272 13289 13305 13314 13324 13330 13349 16889 
	}
	weather={
	}
}
