
strategic_region={
	id=19
	name="STRATEGICREGION_19"
	provinces={
		43 151 269 272 295 335 461 614 740 768 845 973 1004 1066 1093 1118 1126 1200 1266 1411 1446 1466 1518 1528 1564 1580 1707 1790 1813 1883 1901 1935 1944 1953 2072 2111 2117 2271 2346 2371 2375 2407 2413 2650 2741 2765 2837 2839 2881 2914 3005 3015 3024 3098 3148 3303 3396 3434 3535 3540 3710 3765 3766 3768 3793 3890 3963 4148 4163 4291 4355 4359 4447 4456 4522 4525 4526 4716 4789 4872 4899 4979 4995 5004 5066 5071 5075 5111 5115 5118 5119 5123 5221 5246 5252 5376 5478 5488 5499 5533 5567 5583 5586 5621 5687 5700 5717 5721 5833 5857 5867 5880 5929 5931 5964 6048 6088 6128 6136 6144 6202 6243 6416 6449 6461 6468 6470 6511 6515 6548 6559 6563 6602 6635 6700 6726 6739 6756 6762 6774 6799 6816 6827 6855 6860 6911 6925 7037 7061 7089 7091 7113 7139 7193 7242 7273 7285 7289 7319 7459 7464 7543 7596 7634 7668 7676 7697 7736 7756 7763 7788 7807 7818 7840 7874 7882 7894 7934 7953 7959 7966 8004 8009 8046 8164 8186 8207 8210 8233 8259 8271 8311 8313 8335 8343 8398 8406 8413 8460 8470 8522 8532 8626 8678 8730 8734 8743 8757 8771 8807 8808 8814 8820 8841 8848 8855 8869 8898 8940 9045 9091 9092 9119 9201 9236 9238 9311 9357 9366 9392 12298 12310 12316 12329 12344 12351 12366 12376 12383 12389 12392 12396 12408 12412 12414 12423 12424 12426 12431 12433 12436 12441 12445 12452 12460 12461 12462 12463 12464 12465 12469 12470 12473 12480 12483 12485 12490 12491 12495 12500 12505 12510 12512 12517 12518 12520 12523 12524 12525 12527 12529 12534 12539 12541 12546 12548 12549 12550 12553 12554 12558 12563 12564 12565 12566 12567 12568 12570 12572 12574 12576 12579 12580 12581 12582 12583 12586 12589 12590 12591 12593 12595 12602 12603 12608 12609 12613 12616 12617 12621 12625 12635 12638 12642 12643 12646 12649 12650 12653 12654 12655 12660 12662 12663 12664 12668 12669 12670 12673 12679 12683 12686 12688 12689 12692 12694 12695 12698 12699 12700 12706 12707 12708 12709 12713 12714 12715 12716 12717 12721 12724 12725 12728 12735 12740 12741 12742 12743 12744 12748 12753 12754 12761 12762 12763 12765 12766 12774 12775 12779 12780 12784 12785 12786 12790 12792 12793 12794 12796 12797 12798 12803 12804 12808 12809 12811 12819 12820 12823 12824 12827 12832 12838 12841 12842 12843 12844 12846 12849 12853 12854 12860 12861 12870 12871 12872 12875 12880 12884 12885 12889 12890 12891 12898 12906 12907 12925 12936 12942 12953 12956 12995 13023 
	}
	weather={
	}
}
