
strategic_region={
	id=2
	name="STRATEGICREGION_2"
	provinces={
		14082 14087 14089 14090 14097 14104 14107 14112 14114 14119 14120 14128 14129 14130 14131 14133 14137 14138 14140 14143 14144 14145 14150 14153 14154 14155 14157 14158 14162 14165 14173 14174 14177 14178 14179 14180 14181 14183 14184 14186 14189 14190 14193 14196 14198 14199 14202 14203 14204 14207 14219 14223 14225 14226 14228 14229 14230 14238 14239 14241 14242 14244 14246 14248 14250 14252 14257 14258 14260 14262 14263 14264 14274 14283 14284 14285 14288 14293 14294 14296 14298 14303 14307 14316 14319 14320 14324 14325 14326 14327 14329 14330 14332 14334 14335 14338 14348 14349 14352 14353 14356 14359 14362 14365 14367 14368 14369 14370 14372 14375 14376 14377 14384 14385 14386 14391 14393 14395 14398 14400 14401 14407 14408 14410 14412 14413 14414 14419 14421 14422 14424 14425 14427 14432 14434 14435 14437 14445 14452 14453 14454 14455 14457 14458 14461 14463 14465 14468 14472 14475 14479 14482 14485 14489 14491 14492 14504 14507 14509 14511 14514 14517 14519 14525 14527 14529 14531 14532 14533 14537 14539 14541 14547 14549 14553 14555 14558 14564 14568 14569 14571 14572 14573 14576 14579 14580 14582 14584 14586 14589 14594 14598 14600 14601 14602 14606 14607 14610 14611 14618 14619 14622 14624 14625 14627 14630 14631 14632 14634 14636 14640 14643 14646 14654 14655 14657 14659 14665 14666 14671 14678 14680 14683 14692 14693 14694 14695 14698 14699 14702 14703 14704 14706 14707 14708 14712 14715 14716 14717 14719 14720 14723 14726 14729 14735 14736 14737 14739 14741 14746 14748 14751 14754 14756 14758 14759 14760 14765 14766 14768 14769 14771 14777 14779 14781 14784 14785 14786 14793 14796 14798 14800 14801 14803 14805 14809 14813 14814 14816 14825 14829 14833 14836 14840 14841 14843 14844 14845 14847 14849 14851 14853 14860 14873 14875 14877 14878 14879 14880 14885 14886 14887 14888 14891 14893 14894 14896 14899 14904 14905 14911 14913 14916 14921 14923 14924 14925 14926 14927 14935 14936 14938 14939 14940 14944 14950 14955 14956 14957 14973 14974 14978 14981 14985 14992 14997 15001 15011 15012 15018 15019 15023 15024 15026 15036 15037 15041 15043 15047 15048 15049 15052 15053 15056 15059 15062 15064 15066 15072 15074 15076 15077 15078 15079 15080 15081 15085 15088 15089 15093 15096 15097 15098 15106 15109 15116 15120 15123 15124 15130 15137 15138 15141 15142 15153 15160 15162 15164 15171 15176 15179 15182 15183 15185 15186 15187 15198 15203 15210 15211 15213 15221 15223 15229 15235 15236 15238 15243 15247 15250 15251 15253 15254 15259 15263 15265 15266 15267 15271 15272 15276 15278 15281 15283 15285 15293 15298 15312 15317 15321 15328 15330 15332 15335 15336 15342 15344 15349 15351 15353 15355 15359 15363 15364 15367 15369 15370 15372 15373 15374 15381 15382 15383 15391 15397 15405 15409 15410 15413 15416 15424 15434 15437 15438 15441 15444 15446 15453 15458 15459 15461 15463 15465 15476 15492 15495 15498 15506 15511 15515 15519 15524 15525 15527 15528 15535 15542 15544 15545 15546 15548 15551 15553 15554 15562 15567 15569 15571 15575 15576 15577 15578 15584 15585 15590 15593 15595 15596 15597 15601 15609 15612 15613 15620 15621 15623 15630 15631 15635 15638 15643 15652 15660 15665 15676 15679 15683 15688 15689 15694 15696 15700 15702 15705 15711 15714 15715 15720 15725 15726 15730 15734 15739 15741 15746 15748 15755 15756 15757 15759 15763 15769 15775 15781 15782 15783 15785 15786 15787 15789 15790 15791 15792 15801 15810 15811 15816 15819 15825 15834 15838 15840 15845 15848 15852 15854 15855 15856 15857 15861 15864 15868 15873 15876 15885 15886 15891 15895 15898 15899 15902 15906 15913 15914 15916 15917 15919 15930 15931 15942 15945 15948 15949 15951 15954 15955 15965 15966 15968 15972 15974 15981 15984 15985 15988 15989 15991 15993 16001 16002 16013 16014 16015 16018 16033 16043 16048 16057 16058 16059 16061 16065 16068 16073 16076 16081 16082 16084 16088 16091 16093 16094 16095 16097 16098 16099 16101 16103 16108 16112 16114 16115 16117 16125 16126 16127 16130 16133 16134 16136 16146 16155 16156 16159 16163 16164 16166 16168 16171 16175 16177 16182 16183 16185 16194 16195 16197 16200 16203 16208 16209 16212 16214 16220 16221 16226 16227 16230 16253 16254 16257 16262 16263 16265 16269 16273 16274 16280 16284 16288 16289 16298 16302 16308 16313 16317 16324 16327 16331 16332 16340 16346 16347 16348 16349 16350 16357 16360 16366 16376 16379 16399 16408 16426 16447 16461 16488 16492 16499 16509 16510 16512 16518 16519 16523 16525 16531 16535 16537 16542 16545 16547 16555 16556 16557 16560 16563 16564 16570 16572 16578 16586 16587 16591 16598 16604 16613 16614 16617 16626 16627 16628 16632 16633 16634 16637 16638 16639 16640 16647 16648 16650 16651 16652 16659 16660 16662 16664 16670 16671 16673 16676 16678 16679 16680 16681 16685 16686 16687 16689 16690 16691 16694 16695 16696 16699 16701 16711 16715 16718 16721 16722 16723 16725 16732 16735 16736 16740 16741 16743 16744 16745 16746 16747 16749 16753 16759 16760 16761 16762 16769 16770 16773 16776 16778 16780 16784 16788 16789 16794 16797 16799 16800 16803 16806 16807 16809 16810 16812 16814 16821 16824 16826 16828 16831 16832 16833 16834 16839 16842 16843 16847 16849 16852 16853 16854 16855 16856 
	}
	weather={
		period={
			between={ 0.0 30.0 }
			temperature={ -5.0 7.0 }
			no_phenomenon=0.500
			rain_light=1.000
			rain_heavy=0.150
			snow=0.200
			blizzard=0.000
			arctic_water=0.000
			mud=0.300
			sandstorm=0.000
			min_snow_level=0.000
		}
		period={
			between={ 0.1 27.1 }
			temperature={ 0.0 7.0 }
			no_phenomenon=0.500
			rain_light=1.000
			rain_heavy=0.150
			snow=0.200
			blizzard=0.050
			arctic_water=0.000
			mud=0.300
			sandstorm=0.000
			min_snow_level=0.000
		}
		period={
			between={ 0.2 30.2 }
			temperature={ 3.0 6.0 }
			no_phenomenon=0.500
			rain_light=1.000
			rain_heavy=0.150
			snow=0.150
			blizzard=0.000
			arctic_water=0.000
			mud=0.300
			sandstorm=0.000
			min_snow_level=0.000
		}
		period={
			between={ 0.3 29.3 }
			temperature={ 0.0 12.0 }
			no_phenomenon=0.500
			rain_light=1.000
			rain_heavy=0.150
			snow=0.000
			blizzard=0.000
			arctic_water=0.000
			mud=0.300
			sandstorm=0.000
			min_snow_level=0.000
		}
		period={
			between={ 0.4 30.4 }
			temperature={ 8.0 17.0 }
			no_phenomenon=0.500
			rain_light=1.000
			rain_heavy=0.150
			snow=0.000
			blizzard=0.000
			arctic_water=0.000
			mud=0.300
			sandstorm=0.000
			min_snow_level=0.000
		}
		period={
			between={ 0.5 29.5 }
			temperature={ 11.0 20.0 }
			no_phenomenon=0.500
			rain_light=1.000
			rain_heavy=0.150
			snow=0.000
			blizzard=0.000
			arctic_water=0.000
			mud=0.300
			sandstorm=0.000
			min_snow_level=0.000
		}
		period={
			between={ 0.6 30.6 }
			temperature={ 12.0 22.0 }
			no_phenomenon=0.500
			rain_light=1.000
			rain_heavy=0.150
			snow=0.000
			blizzard=0.000
			arctic_water=0.000
			mud=0.300
			sandstorm=0.000
			min_snow_level=0.000
		}
		period={
			between={ 0.7 30.7 }
			temperature={ 12.0 21.0 }
			no_phenomenon=0.500
			rain_light=1.000
			rain_heavy=0.150
			snow=0.000
			blizzard=0.000
			arctic_water=0.000
			mud=0.300
			sandstorm=0.000
			min_snow_level=0.000
		}
		period={
			between={ 0.8 29.8 }
			temperature={ 9.0 18.0 }
			no_phenomenon=0.500
			rain_light=1.000
			rain_heavy=0.150
			snow=0.000
			blizzard=0.000
			arctic_water=0.000
			mud=0.300
			sandstorm=0.000
			min_snow_level=0.000
		}
		period={
			between={ 0.9 30.9 }
			temperature={ 2.0 12.0 }
			no_phenomenon=0.500
			rain_light=1.000
			rain_heavy=0.150
			snow=0.050
			blizzard=0.000
			arctic_water=0.000
			mud=0.300
			sandstorm=0.000
			min_snow_level=0.000
		}
		period={
			between={ 0.10 29.10 }
			temperature={ 0.0 8.0 }
			no_phenomenon=0.500
			rain_light=1.000
			rain_heavy=0.150
			snow=0.210
			blizzard=0.000
			arctic_water=0.000
			mud=0.300
			sandstorm=0.000
			min_snow_level=0.000
		}
		period={
			between={ 0.11 30.11 }
			temperature={ -3.0 5.0 }
			no_phenomenon=0.500
			rain_light=1.000
			rain_heavy=0.150
			snow=0.200
			blizzard=0.000
			arctic_water=0.000
			mud=0.300
			sandstorm=0.000
			min_snow_level=0.000
		}
		period={
			between={ 4.11 21.11 }
			temperature={ -10.0 35.0 }
			no_phenomenon=1.500
			rain_light=0.250
			rain_heavy=0.100
			snow=0.000
			blizzard=0.000
			arctic_water=0.000
			mud=0.000
			sandstorm=0.000
			min_snow_level=0.000
		}
	}
}
