
strategic_region={
	id=20
	name="Eastern Serbia"
	provinces={
		67 221 228 258 315 346 366 380 433 593 646 676 692 812 818 888 904 912 1265 1290 1308 1315 1337 1382 1424 1453 1454 1539 1561 1629 1664 1672 1746 1774 1798 1936 2019 2136 2169 2249 2253 2274 2534 2540 2639 2709 2729 2768 2813 2897 2912 2913 2916 2954 2957 2987 2990 2991 3011 3031 3102 3106 3212 3245 3334 3356 3401 3437 3446 3457 3483 3516 3564 3690 3848 3877 3921 4049 4059 4065 4121 4129 4152 4183 4280 4284 4339 4375 4399 4423 4453 4463 4519 4613 4621 4629 4648 4719 4734 4767 4771 4777 4838 4840 4853 4900 4905 4932 4965 5000 5015 5027 5037 5084 5095 5145 5164 5183 5207 5273 5291 5293 5300 5359 5360 5378 5439 5527 5610 5662 5672 5711 5747 5770 5789 5842 5871 5893 5914 5949 6054 6069 6124 6142 6183 6211 6315 6398 6487 6496 6566 6587 6616 6666 6670 6691 6714 6796 6807 6811 6863 6867 6879 6943 6979 7031 7122 7138 7183 7184 7187 7260 7303 7313 7382 7389 7406 7410 7488 7534 7550 7571 7578 7626 7629 7709 7717 7737 7753 7783 7792 7816 7827 7859 7870 7876 7884 7904 7922 7956 7974 7996 7999 8043 8095 8117 8222 8284 8287 8348 8376 8407 8465 8480 8493 8524 8525 8570 8577 8582 8595 8616 8621 8641 8642 8645 8682 8695 8703 8744 8748 8793 8797 8834 8861 8864 8881 8959 8965 8971 8990 8991 9005 9046 9056 9064 9068 9070 9073 9083 9090 9135 9146 9169 9174 9178 9194 9198 9237 9244 9257 9259 9307 9325 9367 9380 9406 9408 10717 10785 10829 10912 10941 11047 11082 11138 11147 11157 11169 11183 11189 11207 11211 11249 11273 11282 11297 11298 11311 11319 11357 11358 11369 11373 11391 11400 11405 11409 11410 11425 11426 11428 11439 11444 11446 11447 11449 11450 11453 11454 11455 11456 11464 11465 11467 11478 11479 11484 11493 11496 11500 11508 11511 11514 11515 11524 11525 11526 11532 11535 11538 11542 11544 11558 11562 11565 11566 11570 11571 11572 11579 11583 11590 11595 11598 11604 11607 11612 11614 11615 11616 11632 11633 11645 11646 11647 11652 11653 11659 11661 11664 11669 11679 11680 11682 11683 11686 11688 11689 11690 11695 11696 11702 11709 11713 11719 11727 11728 11738 11740 11748 11751 11760 11761 11765 11776 11777 11778 11793 11798 11799 11810 11814 11815 11816 11817 11823 11833 11837 11840 11847 11849 11852 11857 11858 11861 11863 11868 11873 11875 11879 11880 11888 11891 11893 11897 11905 11906 11907 11915 11916 11918 11922 11925 11926 11933 11936 11939 11943 11947 11953 11964 11972 11983 11986 11990 11998 12005 12006 12007 12011 12023 12024 12029 12041 12052 12057 12063 12066 12075 12086 12087 12088 12093 12094 12105 12114 12115 12123 12132 12147 12152 12155 12164 12171 12177 12178 12180 12190 12195 12198 12199 12212 12225 12231 12239 12251 12257 12264 12268 12274 12285 12294 12307 12315 12325 12340 12358 
	}
	weather={
	}
}
