
strategic_region={
	id=21
	name="STRATEGICREGION_21"
	provinces={
		55 191 214 296 310 325 337 514 577 589 626 685 931 941 1079 1094 1107 1142 1221 1362 1440 1460 1510 1639 1642 1687 1701 1723 1728 1762 1906 1955 1997 2057 2133 2147 2165 2185 2236 2240 2351 2422 2499 2577 2582 2583 2598 2636 2646 2763 2778 2799 2801 2812 2834 2853 2885 2903 2905 2908 2979 3038 3053 3055 3079 3097 3122 3134 3165 3167 3170 3253 3269 3279 3294 3340 3347 3387 3426 3504 3522 3553 3573 3616 3695 3699 3704 3753 3800 3828 3829 3832 3834 3904 3917 3950 3993 4001 4008 4061 4100 4105 4108 4112 4122 4180 4194 4214 4259 4261 4263 4267 4308 4318 4320 4373 4380 4454 4513 4587 4611 4615 4619 4701 4702 4717 4722 4754 4782 4791 4833 4894 4928 4937 4947 4954 4957 4976 4987 5010 5076 5077 5081 5108 5134 5142 5229 5259 5334 5389 5395 5406 5433 5463 5469 5480 5587 5602 5652 5656 5704 5715 5740 5743 5761 5807 5808 5813 5823 5852 5866 5885 5899 5905 5979 6030 6035 6039 6076 6090 6116 6220 6229 6230 6237 6266 6324 6334 6339 6358 6419 6430 6465 6486 6505 6539 6542 6557 6588 6589 6592 6607 6654 6706 6719 6727 6754 6819 6833 6838 6845 6857 6914 7009 7020 7025 7029 7041 7049 7072 7074 7080 7086 7112 7124 7168 7216 7238 7241 7244 7331 7342 7354 7358 7374 7405 7440 7467 7473 7540 7565 7598 7607 7614 7617 7637 7677 7695 7715 7720 7745 7815 7837 7843 7861 7868 7871 7917 7939 7962 7998 8044 8074 8076 8078 8085 8152 8173 8185 8232 8250 8257 8269 8270 8295 8336 8363 8368 8369 8379 8396 8423 8428 8449 8478 8481 8558 8594 8599 8602 8716 8719 8728 8736 8752 8770 8783 8785 8800 8826 8832 8842 8909 8926 8931 8969 9021 9022 9085 9158 9168 9196 9203 9212 9232 9267 9270 9279 9299 9303 9332 9339 9347 9382 9439 9442 9444 9459 9471 11198 11209 11213 11226 11229 11232 11242 11262 11276 11304 11308 11318 11331 11343 11350 11351 11352 11378 11379 11381 11382 11403 11404 11416 11431 11437 11438 11443 11463 11471 11472 11477 11498 11510 11512 11517 11522 11523 11534 11549 11550 11555 11556 11560 11564 11576 11582 11588 11589 11597 11602 11611 11619 11623 11624 11631 11635 11638 11643 11644 11650 11657 11658 11663 11667 11668 11678 11681 11685 11700 11703 11704 11705 11708 11712 11723 11726 11734 11735 11739 11755 11758 11759 11764 11771 11774 11775 11786 11789 11792 11806 11807 11808 11818 11821 11822 11836 11841 11842 11844 11856 11860 11871 11874 11883 11887 11899 11900 11904 11921 11934 11938 11942 11946 11951 11952 11957 11959 11967 11969 11970 11973 11975 11978 11979 11985 11989 11994 11995 12004 12010 12012 12016 12021 12022 12028 12036 12039 12040 12043 12045 12046 12050 12051 12055 12056 12058 12062 12065 12068 12072 12081 12082 12084 12085 12089 12092 12096 12103 12104 12110 12117 12122 12127 12128 12131 12133 12136 12138 12139 12142 12143 12146 12154 12156 12159 12160 12163 12166 12167 12169 12170 12176 12185 12187 12193 12194 12201 12203 12204 12205 12206 12209 12210 12211 12222 12227 12228 12229 12235 12243 12244 12247 12248 12249 12256 12261 12270 12272 12273 12278 12281 12282 12288 12289 12296 12306 12308 12309 12314 12318 12319 12320 12323 12328 12332 12336 12337 12343 12348 12349 12350 12357 12359 12365 12368 12369 12372 12382 12386 12394 12395 12401 12402 12405 12410 12417 12420 12422 12425 12430 12444 12448 12451 12457 12482 12488 12493 12494 12507 12516 12522 12533 12540 12543 
	}
	weather={
	}
}
