
strategic_region={
	id=22
	name="STRATEGICREGION_22"
	provinces={
		46 79 176 304 342 382 493 512 522 574 612 620 796 826 1092 1121 1132 1217 1298 1556 1646 1667 1743 1804 1836 1864 1875 1881 1967 2005 2088 2120 2167 2226 2235 2244 2307 2321 2404 2501 2633 2667 2807 2915 2985 3150 3362 3420 3711 3838 3891 4186 4250 4276 4287 4337 4419 4548 4564 4729 4749 4907 4910 4944 5125 5141 5261 5932 6159 6408 6440 6479 6538 6568 6831 6853 7438 7447 7660 7853 8084 8291 8337 8439 8956 8995 9288 12434 12443 12501 12556 12584 12611 12631 12671 12680 12727 12816 12828 12883 12968 12979 12991 13025 13031 13033 13047 13074 13076 13136 17021 17090 17091 
	}
	weather={
	}
}
