
strategic_region={
	id=23
	name="STRATEGICREGION_23"
	provinces={
		60 136 139 155 302 377 389 406 556 754 758 763 815 837 1017 1234 1251 1441 1473 1478 1606 1682 1696 1735 1736 1748 1847 2007 2008 2067 2078 2316 2342 2433 2595 2674 2828 2938 2956 3064 3091 3094 3139 3263 3287 3348 3590 3675 3692 3744 3852 3911 3925 4045 4066 4099 4132 4154 4185 4289 4304 4305 4398 4437 4612 4683 4686 4742 4775 4793 5138 5153 5237 5276 5288 5310 5354 5431 5640 5684 5884 5921 5957 5995 6006 6007 6027 6044 6082 6106 6149 6190 6253 6355 6367 6503 6546 6597 6742 6820 6837 6852 6904 7042 7322 7337 7503 7515 7575 7577 7690 7812 7856 7864 7885 7988 8000 8003 8048 8075 8092 8197 8214 8229 8243 8261 8349 8365 8380 8468 8502 8520 8559 8603 8619 8698 8794 8813 8837 8888 8925 9020 9138 9255 9333 9390 11779 11782 11809 11827 11828 11894 11901 11930 11935 12013 12019 12031 12034 12069 12077 12129 12144 12151 12181 12207 12223 12236 12258 12290 12291 12292 12297 12324 12355 12360 12361 12367 12373 12390 12393 12427 12437 12453 12474 12508 12521 12571 12575 12597 12604 12610 12622 12628 12636 12651 12656 12661 12677 12701 12711 12726 12731 12736 12739 12757 12758 12773 12781 12787 12800 12821 12833 12836 12847 12857 12862 12867 12882 12886 12901 12909 12910 12913 12923 12931 12944 12952 12962 12975 17097 
	}
	weather={
	}
}
