
strategic_region={
	id=24
	name="STRATEGICREGION_24"
	provinces={
		28 275 290 326 391 395 443 452 506 618 640 687 749 767 857 933 1073 1130 1135 1151 1198 1201 1247 1301 1326 1346 1349 1352 1376 1552 1586 1617 1638 1641 1649 1678 1679 1840 1876 1902 1925 1966 2036 2052 2081 2096 2139 2140 2166 2188 2242 2258 2263 2282 2329 2468 2472 2481 2737 2750 2849 2931 3016 3017 3160 3306 3450 3533 3681 3691 3757 3900 3994 4063 4102 4244 4251 4288 4326 4332 4338 4343 4384 4405 4455 4466 4698 4781 4800 4893 4949 5089 5098 5211 5318 5324 5682 5832 5955 5961 5969 5998 6024 6160 6203 6219 6272 6345 6466 6983 7040 7156 7166 7267 7279 7390 7455 7685 7887 7980 8187 8252 8405 8487 8828 8859 8947 8979 9102 9248 9282 9425 12623 12759 12768 12782 12815 12839 12868 12887 12894 12900 12902 12911 12914 12928 12929 12955 12957 12972 12977 12982 12987 12994 13008 13010 13015 13018 13027 13027 13046 13060 13067 13107 13118 13134 13149 13161 13163 13168 13169 13182 13183 13212 13216 13252 16937 17173 17174 17175 
	}
	weather={
	}
}
