
strategic_region={
	id=25
	name="STRATEGICREGION_25"
	provinces={
		23 109 125 189 299 414 415 423 436 498 523 526 527 573 653 654 690 759 760 935 975 983 1045 1061 1101 1189 1212 1324 1338 1368 1393 1423 1425 1434 1631 1632 1654 1665 1690 1719 1783 1909 1945 1952 2069 2252 2328 2418 2420 2482 2513 2522 2547 2548 2573 2694 2714 2749 2803 2835 2859 2968 3089 3157 3284 3314 3323 3417 3474 3593 3611 3622 3634 3670 3770 3836 3965 4010 4079 4086 4118 4258 4426 4553 4572 4728 4739 4752 4880 4923 4969 4994 5013 5049 5201 5235 5351 5408 5501 5538 5539 5592 5642 5722 5742 5756 5873 5907 5926 5940 6178 6275 6288 6300 6363 6384 6444 6508 6598 6663 6665 6712 6720 6732 6747 6817 6963 6991 7010 7309 7372 7437 7773 7863 7985 8055 8106 8114 8132 8183 8301 8440 8568 8705 8733 8762 8799 8810 8852 8902 9016 9361 11605 11834 11877 11889 11902 11965 11971 11991 12032 12047 12083 12095 12100 12118 12124 12148 12157 12165 12182 12216 12218 12220 12237 12245 12259 12326 12338 12352 12353 12379 12442 12569 12587 12598 17171 
	}
	weather={
	}
}
