
strategic_region={
	id=26
	name="STRATEGICREGION_26"
	provinces={
		131 180 181 207 232 259 311 401 500 561 565 583 703 757 811 885 1053 1249 1625 1777 1821 1981 2003 2015 2048 2055 2153 2265 2283 2527 2631 2665 2678 2719 2888 2918 2953 3472 3746 3802 3882 3942 4120 4189 4190 4215 4809 5114 5192 5361 5603 5795 6118 6201 6386 7008 7137 7198 7226 7621 7965 8201 8650 9378 9379 10612 10735 10750 10843 10926 10932 10997 11077 11245 11380 11470 11473 11591 11636 11648 16865 16893 16992 17006 17065 17068 17069 17070 17071 17072 17074 17166 
	}
	weather={
	}
}
