
strategic_region={
	id=27
	name="STRATEGICREGION_27"
	provinces={
		7 14 33 75 129 153 169 402 425 428 476 559 625 681 782 997 1087 1167 1182 1263 1288 1407 1643 1754 1792 1905 1938 2211 2232 2239 2383 2411 2515 2628 2789 3034 3037 3206 3265 3406 3526 3536 3543 3630 3785 3830 3934 3979 3980 4033 4068 4140 4157 4485 4740 5492 5690 5757 5773 5869 5910 6060 6129 6236 6309 6429 6458 6560 6766 7328 7481 7658 7710 7712 7749 7795 7808 7862 8031 8069 8330 8432 8441 8512 8535 8585 8886 8890 9035 9042 9313 11320 11452 11476 11528 11620 11621 11732 11752 11757 11787 11794 11811 11859 11870 11895 11911 11917 11940 11941 11944 11948 11954 11956 11999 12000 17169 
	}
	weather={
	}
}
