
strategic_region={
	id=29
	name="Gorj"
	provinces={
		82 103 143 274 287 333 351 511 520 521 546 851 937 945 1002 1078 1176 1181 1278 1312 1386 1406 1412 1540 1579 1619 1650 1751 1807 1921 1922 1940 2018 2059 2215 2454 2554 2559 2578 2663 2710 2864 2882 2895 2932 3006 3078 3156 3216 3272 3335 3620 3662 3841 3878 4224 4225 4486 4544 4558 4578 4631 4663 4677 4774 4801 4804 4855 4889 4948 4983 5070 5282 5306 5392 5421 5543 5674 5716 5755 5771 5874 5993 6084 6359 6412 6469 6661 7117 7161 7356 7509 7557 7779 7918 8438 8513 8687 8689 8903 9215 9266 9291 9446 10777 10805 10864 10956 11025 11044 11061 11093 11116 11128 11158 11170 11176 11179 11243 11255 11285 11290 11305 11309 11322 11334 11341 11342 11348 11349 11370 11374 11394 11395 11397 11423 11424 11427 11460 11501 11503 11527 11573 11586 11617 11654 11691 11714 11720 11756 
	}
	weather={
	}
}
