
strategic_region={
	id=30
	name="STRATEGICREGION_30"
	provinces={
		104 711 765 981 994 1143 1159 1213 1235 1289 1408 1443 1517 1657 1825 1964 2220 2309 2353 2455 2467 2469 2475 2520 2988 3108 3154 3319 3429 3661 3680 3705 3716 3831 3918 4492 4608 4638 4725 4748 4755 4835 4936 4960 5017 5348 5514 5521 5625 5775 5886 6033 6052 6073 6520 6655 6693 6800 6806 6821 6906 7077 7148 7494 7744 7971 8036 8154 9289 9440 10518 10561 10586 10630 10795 10823 10826 10888 10933 10943 10959 10969 11021 11148 11180 11299 11323 11461 11561 17079 
	}
	weather={
	}
}
