
strategic_region={
	id=31
	name="STRATEGICREGION_31"
	provinces={
		38 39 182 235 348 354 501 502 613 696 841 864 908 946 1041 1070 1096 1103 1207 1283 1331 1497 1505 1688 1710 1715 1763 1793 1863 1911 1961 2002 2020 2058 2115 2124 2216 2319 2456 2465 2609 2638 2661 2722 2751 2777 2823 2919 2935 3014 3130 3194 3232 3476 3575 3639 3789 3946 3952 4004 4290 4388 4471 4534 4538 4556 4753 4834 4927 5087 5139 5191 5243 5245 5418 5447 5620 5697 5848 5942 6005 6063 6327 6371 6376 6456 6509 6901 6940 7206 7269 7278 7409 7424 7452 7489 7632 7654 7694 7758 8057 8203 8286 8289 8670 8812 8905 8945 8948 9107 9241 9413 10030 10097 10142 10185 10188 10219 10238 10242 10285 10311 10312 10386 10397 10425 10491 10543 10560 10601 10605 10624 10646 10850 
	}
	weather={
	}
}
