
strategic_region={
	id=32
	name="STRATEGICREGION_32"
	provinces={
		98 99 227 329 365 440 495 590 617 645 656 774 785 827 834 863 884 939 1039 1136 1264 1287 1340 1391 1428 1476 1522 1585 1593 1683 1752 1833 1874 1926 1943 2080 2143 2183 2277 2293 2429 2567 2760 2795 2889 3117 3125 3292 3333 3454 3745 3750 3792 3873 4005 4203 4406 4408 4429 4448 4660 4738 4776 4822 5026 5052 5161 5249 5476 5576 5734 5818 5903 5906 5927 6059 6143 6193 6316 6366 6699 6798 6818 6964 6975 6981 7017 7019 7083 7203 7422 7496 7678 8049 8131 8244 8328 8445 8450 8473 8483 8489 8600 8660 8697 8817 9008 9028 9113 9128 9284 9322 9465 9810 9821 9886 9890 9892 9908 9926 9935 9947 9948 9952 9954 9963 9972 9978 9984 10002 10020 10060 10073 
	}
	weather={
	}
}
