
strategic_region={
	id=34
	name="STRATEGICREGION_34"
	provinces={
		70 200 224 244 252 330 353 362 394 505 508 591 597 714 788 794 803 807 819 978 1055 1214 1295 1320 1350 1461 1532 1569 1577 1613 1781 1795 1817 1843 1846 1950 1993 2023 2087 2108 2125 2170 2213 2288 2299 2315 2331 2357 2397 2453 2480 2493 2498 2552 2677 2680 2804 2847 2857 2876 2920 2928 2974 3002 3051 3084 3177 3198 3200 3221 3258 3324 3385 3442 3495 3500 3528 3559 3562 3597 3637 3685 3732 3741 3788 3791 3839 3862 3875 3880 3881 3972 3999 4014 4022 4036 4089 4151 4199 4205 4212 4233 4236 4249 4324 4401 4467 4482 4508 4533 4552 4570 4581 4690 4736 4743 4769 4814 4863 4930 4941 4950 4953 5048 5154 5178 5182 5184 5215 5230 5231 5370 5390 5402 5484 5507 5531 5556 5601 5608 5623 5669 5692 5763 5777 5800 5805 5815 5827 5916 5951 5959 5997 6008 6012 6049 6050 6057 6066 6087 6096 6115 6145 6302 6318 6336 6350 6394 6395 6450 6494 6544 6575 6646 6667 6680 6687 6704 6740 6753 6755 6768 6812 6856 6875 6918 6920 6939 6961 7021 7027 7036 7068 7088 7097 7099 7131 7140 7160 7179 7189 7220 7235 7284 7288 7431 7501 7510 7525 7537 7556 7566 7592 7599 7612 7628 7636 7647 7673 7686 7750 7776 7782 7826 7842 7847 7865 7908 7930 7979 7994 8007 8022 8067 8116 8144 8153 8167 8174 8190 8206 8215 8217 8220 8251 8255 8258 8324 8341 8375 8390 8457 8503 8554 8578 8588 8608 8657 8661 8672 8714 8721 8747 8767 8774 8775 8781 8787 8796 8809 8843 8867 8879 8882 8939 8953 8957 8972 8994 9000 9025 9053 9055 9059 9072 9131 9156 9167 9172 9188 9231 9253 9277 9287 9309 9312 9317 9328 9377 9381 9409 9419 9421 9453 10767 10773 10783 10786 10791 10806 10819 10822 10832 10835 10836 10844 10845 10853 10857 10865 10866 10886 10890 10891 10907 10908 10909 10910 10913 10915 10921 10925 10947 10950 10951 10957 10960 10965 10977 10982 10988 10998 11012 11015 11023 11035 11049 11051 11053 11062 11071 11080 11086 11087 11100 11101 11107 11108 11127 11133 11134 11139 11141 11144 11159 11177 11184 11190 11194 11203 11216 11220 11234 11235 11246 11252 11256 11274 11289 11307 11312 11335 11356 11417 11440 11451 11540 11563 11574 11592 11606 11609 11626 11637 11639 11640 11649 11660 11687 11692 11697 11698 11721 11733 11742 11743 11746 11766 11788 11796 11803 11825 11843 11845 11853 11855 11864 11872 11876 11881 11919 11931 11961 11982 12001 12008 12025 12033 12044 12060 12098 12102 12106 12107 12116 12120 12121 12130 12145 12172 12173 12183 12186 12189 12191 12196 12202 12213 12217 12224 12238 12246 12253 12263 12269 12275 12279 12286 12287 12293 12311 12331 12342 12362 12370 12380 12381 12387 12397 12399 12403 12406 12409 12415 12418 12419 12439 12450 12475 12476 12496 12502 12532 12551 12599 12612 12619 12630 12637 12665 12666 12690 12718 12737 12749 12764 12770 12795 12806 12812 12865 12877 13923 13924 13925 13926 13927 13928 13929 13930 13931 13932 13933 13934 13935 13936 13937 13938 13939 13940 13941 13942 13943 13944 13945 13946 13947 13948 13949 13950 13951 13952 13953 13954 13955 13956 13957 13958 13959 13960 13961 13962 13963 13964 13965 13966 13967 16988 17168 17170 
	}
	weather={
	}
}
