
strategic_region={
	id=35
	name="STRATEGICREGION_35"
	provinces={
		24 134 203 204 243 519 683 725 907 953 991 1035 1052 1081 1128 1149 1229 1230 1280 1318 1336 1379 1463 1511 1559 1582 1590 1637 1709 1722 1730 1913 1948 1984 2064 2083 2275 2290 2363 2428 2461 2555 2592 2620 2810 2852 2940 2964 3028 3163 3228 3246 3281 3329 3342 3369 3405 3458 3525 3554 3568 3603 3609 3703 3713 3748 3811 3815 3907 4015 4077 4095 4147 4165 4182 4195 4209 4218 4223 4245 4256 4354 4376 4415 4449 4458 4537 4560 4583 4594 4606 4645 4735 4737 4849 4867 4868 4875 4920 4998 5038 5073 5091 5092 5110 5151 5158 5163 5317 5355 5380 5383 5400 5419 5440 5443 5516 5530 5548 5600 5609 5628 5630 5653 5685 5698 5701 5707 5719 5750 5786 5790 5901 5922 5930 5939 5982 6032 6042 6078 6079 6086 6168 6185 6208 6218 6221 6234 6297 6319 6322 6328 6332 6380 6404 6415 6427 6428 6442 6473 6481 6517 6580 6630 6659 6669 6695 6779 6822 6823 6826 6882 6905 7003 7044 7046 7047 7081 7106 7123 7130 7141 7153 7171 7177 7180 7196 7202 7265 7270 7275 7295 7350 7357 7375 7398 7400 7412 7429 7433 7506 7512 7570 7582 7587 7593 7609 7616 7639 7643 7674 7718 7723 7734 7770 7784 7800 7819 7825 7879 7905 7911 7919 7921 7944 7952 7977 8019 8026 8080 8091 8093 8113 8122 8123 8137 8160 8208 8253 8276 8277 8290 8298 8300 8364 8371 8397 8422 8492 8504 8546 8561 8632 8674 8692 8696 8701 8731 8732 8737 8753 8766 8795 8827 8830 8866 8876 8900 8920 8923 8955 9010 9034 9037 9062 9130 9165 9170 9208 9286 9305 9326 9353 9371 9386 9395 9416 9418 9452 9462 9469 10292 10293 10307 10316 10321 10339 10344 10359 10360 10367 10368 10369 10372 10373 10390 10392 10395 10400 10407 10411 10418 10420 10423 10437 10440 10445 10450 10460 10469 10472 10478 10480 10481 10488 10489 10497 10501 10505 10510 10511 10515 10528 10531 10532 10533 10534 10537 10548 10555 10556 10558 10559 10562 10579 10582 10587 10593 10596 10603 10609 10617 10620 10621 10622 10634 10635 10639 10640 10643 10644 10647 10651 10659 10660 10664 10669 10672 10673 10679 10680 10683 10690 10694 10695 10699 10704 10709 10711 10712 10715 10718 10719 10726 10727 10729 10730 10736 10743 10744 10747 10752 10753 10756 10760 10761 10766 10768 10769 10772 10774 10775 10779 10780 10787 10788 10789 10792 10794 10797 10798 10802 10803 10807 10809 10811 10815 10820 10828 10830 10833 10834 10837 10838 10839 10842 10851 10852 10854 10855 10859 10862 10867 10869 10872 10873 10874 10880 10881 10884 10887 10889 10896 10898 10900 10902 10906 10911 10916 10917 10918 10922 10924 10927 10928 10934 10937 10938 10939 10948 10953 10958 10961 10962 10970 10978 10983 10984 10991 10994 10999 11000 11002 11005 11016 11017 11018 11026 11028 11033 11037 11042 11050 11052 11054 11065 11073 11084 11103 11106 11140 11150 11152 11154 11191 11200 11225 11228 11258 11279 11295 
	}
	weather={
	}
}
