
strategic_region={
	id=37
	name="STRATEGICREGION_37"
	provinces={
		13 20 50 127 190 356 375 392 420 427 558 649 802 830 839 968 1063 1321 1332 1387 1394 1483 1490 1498 1537 1571 1627 1718 1879 2053 2054 2171 2178 2181 2217 2382 2394 2451 2452 2502 2701 2819 2871 2891 2984 3059 3067 3085 3164 3219 3384 3473 3519 3523 3563 3572 3617 3674 3737 3758 3782 3787 3827 3843 3857 4048 4153 4279 4282 4351 4414 4416 4457 4509 4521 4585 4609 4618 4744 4763 4818 4843 4919 4946 5016 5212 5218 5268 5270 5285 5325 5386 5434 5435 5449 5450 5526 5532 5624 5688 5693 5736 5768 5911 5915 5967 6065 6071 6093 6135 6147 6150 6151 6162 6279 6295 6357 6535 6569 6584 6600 6746 6757 6784 6785 6809 6836 6858 6861 6866 6883 6890 6894 6953 7000 7054 7071 7163 7205 7207 7229 7293 7348 7403 7460 7485 7502 7513 7518 7532 7583 7605 7641 7655 7667 7691 7696 7771 7799 7802 7829 7883 7927 7957 7983 8042 8064 8107 8109 8118 8125 8139 8181 8228 8268 8303 8314 8329 8339 8355 8370 8401 8442 8459 8479 8516 8538 8562 8627 8664 8690 8708 8711 8750 8779 8789 8804 8977 8978 9003 9019 9036 9057 9065 9098 9111 9155 9181 9185 9186 9197 9225 9250 9433 9458 10300 10336 10345 10385 10405 10429 10434 10452 10459 10494 10495 10521 10524 10539 10546 10554 10565 10584 10589 10594 10597 10604 10611 10623 10632 10645 10649 10654 10668 10670 10682 10684 10689 10698 10700 10701 10710 10713 10716 10721 10733 10737 10738 10741 10757 10758 10763 10776 10782 10799 10804 10808 10812 10813 10818 10821 10825 10840 10841 10848 10849 10856 10860 10863 10868 10871 10876 10877 10878 10882 10883 10893 10894 10895 10899 10901 10903 10904 10905 10919 10929 10930 10931 10936 10940 10942 10946 10949 10955 10963 10964 10967 10971 10972 10973 10974 10976 10981 10989 10992 10995 10996 11003 11004 11007 11008 11009 11011 11014 11020 11022 11024 11030 11031 11038 11043 11045 11046 11055 11056 11057 11058 11060 11066 11067 11068 11070 11074 11079 11081 11085 11088 11092 11095 11096 11097 11098 11104 11112 11113 11118 11119 11120 11124 11131 11132 11137 11142 11143 11146 11151 11155 11156 11161 11162 11163 11171 11173 11175 11187 11188 11192 11193 11201 11206 11210 11214 11215 11218 11219 11230 11233 11237 11241 11251 11263 11264 11270 11272 11277 11280 11281 11286 11293 11296 11301 11315 11317 11327 11332 11333 11339 11347 11353 11363 11367 11368 11383 11387 11388 11390 11407 11408 11422 
	}
	weather={
	}
}
