
strategic_region={
	id=38
	name="STRATEGICREGION_38"
	provinces={
		2 9 11 26 27 44 63 71 73 92 94 119 130 154 163 170 179 185 186 215 216 220 236 255 262 271 273 280 281 282 285 286 306 307 313 317 327 343 344 372 378 381 386 388 396 397 398 409 421 422 444 466 475 479 504 509 517 533 541 545 564 579 581 599 603 616 619 629 647 660 669 671 675 677 686 697 705 707 710 727 736 737 738 771 840 855 866 868 871 880 934 965 977 985 988 1031 1036 1040 1042 1057 1082 1102 1111 1116 1124 1139 1146 1156 1158 1168 1175 1177 1186 1197 1210 1222 1224 1228 1240 1242 1246 1268 1275 1284 1291 1293 1296 1299 1302 1303 1306 1307 1311 1322 1325 1335 1347 1358 1359 1370 1371 1372 1383 1396 1414 1435 1448 1450 1462 1494 1502 1527 1536 1557 1567 1570 1572 1591 1594 1595 1598 1659 1670 1673 1686 1695 1699 1712 1741 1749 1753 1757 1764 1769 1770 1780 1782 1823 1828 1829 1835 1841 1852 1860 1865 1877 1878 1892 1912 1929 1933 1941 1963 2016 2030 2044 2061 2076 2082 2085 2121 2130 2131 2135 2154 2172 2186 2187 2189 2212 2230 2246 2247 2251 2264 2273 2281 2294 2300 2308 2322 2327 2343 2344 2349 2352 2364 2370 2390 2393 2409 2417 2419 2425 2432 2436 2437 2444 2457 2459 2476 2489 2505 2539 2543 2544 2561 2570 2575 2579 2581 2602 2603 2611 2615 2619 2643 2644 2658 2660 2675 2684 2688 2696 2704 2713 2716 2726 2744 2761 2762 2764 2766 2779 2785 2796 2808 2816 2821 2824 2833 2856 2866 2872 2898 2900 2902 2907 2946 2948 2955 2969 2971 2992 3000 3003 3023 3025 3042 3046 3052 3060 3066 3070 3087 3092 3119 3135 3152 3169 3183 3187 3190 3193 3199 3233 3235 3244 3255 3262 3267 3277 3309 3315 3316 3331 3349 3352 3382 3389 3395 3397 3403 3407 3408 3424 3435 3439 3443 3451 3468 3470 3484 3494 3499 3502 3520 3527 3530 3534 3544 3545 3546 3571 3627 3664 3682 3688 3706 3720 3728 3751 3756 3774 3777 3790 3818 3824 3826 3835 3844 3849 3854 3869 3885 3889 3896 3908 3931 3968 3971 4017 4026 4027 4041 4058 4067 4069 4111 4117 4161 4167 4172 4208 4213 4217 4226 4228 4231 4238 4243 4257 4262 4264 4268 4281 4302 4349 4367 4390 4394 4400 4409 4411 4412 4413 4418 4420 4435 4438 4473 4483 4529 4531 4565 4574 4588 4595 4597 4602 4603 4626 4627 4637 4640 4641 4642 4647 4649 4657 4659 4664 4694 4709 4766 4773 4792 4816 4820 4828 4850 4856 4862 4882 4898 4908 4921 4925 4931 4966 4977 4992 4997 5028 5029 5031 5061 5067 5074 5086 5094 5105 5132 5204 5228 5236 5250 5253 5257 5260 5267 5277 5286 5295 5311 5379 5381 5396 5405 5413 5426 5429 5444 5446 5465 5475 5487 5493 5517 5524 5525 5528 5535 5551 5560 5568 5581 5606 5607 5612 5683 5696 5744 5774 5787 5794 5826 5829 5851 5856 5860 5925 5935 5952 5953 5954 5975 5994 6021 6026 6029 6045 6101 6111 6134 6172 6192 6196 6212 6258 6260 6268 6273 6303 6306 6314 6381 6389 6391 6397 6411 6445 6453 6455 6464 6475 6480 6491 6500 6507 6516 6531 6532 6543 6562 6591 6610 6612 6614 6615 6634 6642 6648 6653 6679 6701 6708 6715 6722 6738 6741 6744 6749 6797 6801 6802 6825 6854 6869 6895 6907 6997 7056 7076 7101 7115 7162 7174 7195 7237 7250 7257 7277 7299 7316 7333 7339 7380 7386 7417 7439 7444 7561 7611 7651 7672 7681 7701 7702 7713 7719 7730 7786 7821 7822 7836 7850 7851 7867 7878 7891 7902 7928 7933 7935 7937 7958 7961 7963 7967 7989 8008 8024 8025 8066 8083 8096 8097 8130 8135 8147 8157 8159 8209 8242 8254 8280 8292 8293 8304 8344 8350 8391 8427 8444 8448 8455 8467 8474 8476 8486 8499 8500 8519 8529 8540 8592 8598 8662 8679 8685 8686 8693 8712 8726 8778 8792 8803 8825 8833 8878 8928 8936 8941 8944 8962 9006 9032 9061 9100 9129 9148 9176 9184 9205 9209 9213 9216 9246 9265 9273 9304 9331 9369 9376 9385 9394 9397 9400 9401 9404 9415 9422 9428 9429 9430 9491 9492 9493 9494 9495 9496 9498 9500 9503 9509 9513 9514 9515 9519 9520 9522 9530 9531 9532 9545 9546 9551 9555 9556 9562 9563 9566 9569 9573 9575 9576 9577 9580 9584 9587 9592 9594 9597 9599 9603 9604 9605 9610 9611 9612 9616 9617 9622 9623 9624 9625 9634 9638 9643 9644 9645 9648 9649 9650 9656 9660 9666 9667 9669 9671 9675 9676 9684 9686 9690 9694 9700 9702 9705 9708 9710 9716 9717 9719 9721 9724 9726 9727 9737 9742 9743 9745 9754 9763 9764 9766 9767 9771 9777 9780 9783 9787 9789 9793 9800 9807 9819 9823 9825 9831 9843 9847 9850 9859 9863 9873 9878 9881 9888 9889 9911 9913 9914 9923 9924 9925 9928 9933 9934 9939 9950 9959 9960 9969 9973 9980 9983 9987 9998 10001 10003 10009 10018 10034 10051 10054 10061 10095 10098 16860 16861 16866 16867 16869 16878 16879 16880 16881 16882 16883 16884 16885 16887 16888 16890 16891 16892 16894 16898 16900 16902 16904 16905 16906 16907 16908 16919 16921 16922 16923 16925 16926 16929 16933 16938 16939 16943 16944 16945 16946 16947 16950 16951 16953 16956 16959 16960 16964 16965 16967 16969 16970 16972 16973 16974 16976 16981 16984 16985 16990 16991 16993 16995 16997 16998 16999 17002 17003 17004 17007 17009 17010 17011 17012 17013 17017 17019 17020 17023 17024 17025 17026 17027 17028 17029 17030 17031 17033 17041 17042 17043 17044 17045 17046 17047 17052 17053 17057 17058 17060 17066 17073 17075 17077 17080 17081 17084 17085 17088 17093 17106 17111 17133 17141 17144 17145 17146 17153 17155 17156 17158 17160 17162 
	}
	weather={
	}
}
