
strategic_region={
	id=39
	name="STRATEGICREGION_39"
	provinces={
		6 16 31 62 64 106 135 148 149 160 162 197 201 202 223 261 268 270 277 318 321 331 338 349 358 363 417 441 447 464 497 503 535 547 576 585 596 598 637 642 652 655 661 672 688 708 744 748 770 801 817 836 838 861 872 873 874 876 894 911 916 920 940 957 992 995 996 1011 1014 1026 1034 1038 1048 1077 1083 1090 1108 1134 1137 1141 1205 1218 1219 1232 1261 1269 1277 1300 1355 1363 1381 1390 1403 1418 1421 1444 1451 1455 1467 1479 1487 1499 1515 1576 1584 1587 1597 1607 1644 1647 1660 1666 1689 1724 1779 1812 1814 1842 1844 1873 1899 1920 1924 1928 1932 1947 1979 1983 1996 2001 2024 2035 2043 2045 2084 2094 2116 2134 2142 2149 2177 2179 2184 2195 2205 2210 2241 2276 2278 2286 2312 2350 2360 2365 2385 2391 2399 2421 2442 2496 2509 2516 2521 2537 2558 2593 2596 2616 2627 2641 2649 2656 2699 2708 2747 2862 2880 2930 3007 3010 3033 3088 3143 3175 3205 3213 3273 3276 3289 3300 3338 3374 3391 3412 3425 3447 3449 3455 3517 3547 3560 3570 3579 3599 3625 3629 3683 3689 3738 3760 3763 3784 3807 3823 3928 3985 3986 3987 4011 4012 4040 4088 4106 4128 4137 4150 4168 4196 4204 4206 4210 4232 4247 4260 4283 4311 4329 4344 4378 4391 4433 4446 4518 4540 4566 4579 4592 4622 4661 4689 4699 4718 4765 4783 4799 4826 4859 4870 4879 4887 4909 4912 4915 4934 4961 4971 4975 4978 4986 4996 5062 5080 5169 5198 5210 5217 5262 5292 5296 5312 5327 5336 5343 5349 5374 5387 5467 5490 5503 5506 5511 5512 5520 5529 5557 5562 5575 5580 5589 5753 5765 5798 5898 5919 5943 6017 6062 6126 6127 6161 6199 6217 6248 6251 6341 6343 6414 6417 6454 6485 6512 6552 6564 6573 6574 6577 6582 6586 6629 6651 6664 6690 6759 6760 6846 6871 6951 7126 7145 7146 7150 7154 7157 7222 7254 7266 7268 7291 7312 7315 7451 7456 7521 7524 7638 7664 7666 7675 7679 7724 7754 7765 7774 7897 7947 8034 8038 8163 8165 8182 8184 8194 8234 8237 8411 8496 8511 8528 8531 8545 8647 8667 8681 8741 8760 8805 8860 8934 8966 8968 8983 9044 9054 9058 9094 9097 9133 9180 9195 9228 9295 9445 9451 9478 9479 9480 9481 9482 9483 9484 9485 9486 9487 9488 9489 9490 9497 9499 9502 9504 9505 9506 9507 9508 9510 9512 9516 9517 9518 9524 9525 9527 9528 9529 9533 9534 9535 9536 9537 9538 9540 9541 9542 9543 9544 9547 9548 9549 9550 9554 9558 9559 9561 9565 9567 9568 9570 9571 9574 9578 9579 9581 9583 9585 9586 9589 9590 9591 9593 9595 9596 9600 9601 9602 9606 9607 9608 9609 9615 9618 9620 9621 9627 9628 9629 9630 9631 9633 9635 9639 9640 9641 9642 9647 9651 9652 9653 9657 9659 9661 9662 9663 9664 9665 9670 9673 9674 9677 9679 9681 9682 9685 9687 9688 9692 9703 9711 16868 16899 16936 16975 16980 17000 17022 17159 
	}
	weather={
	}
}
