
strategic_region={
	id=4
	name="Sicily"
	provinces={
		78 196 222 434 456 463 507 691 701 814 883 979 1043 1088 1097 1170 1192 1202 1211 1233 1304 1317 1377 1486 1563 1636 1640 1725 1755 1758 1761 1850 1894 1896 1999 2310 2325 2335 2361 2471 2666 2798 2861 2883 2939 2944 3077 3095 3459 3466 3607 3649 3740 3752 3775 3906 3920 3943 3975 4130 4266 4306 4331 4352 4404 4430 4443 4601 4616 4625 4630 4691 4697 4706 4802 4903 5065 5082 5116 5133 5136 5186 5287 5458 5500 5767 5785 5817 5972 6019 6224 6227 6424 6436 6534 6551 6556 6601 6608 6611 6649 6707 7087 7199 7213 7224 7280 7370 7448 7517 7538 7574 7657 7683 7926 7929 8240 8247 8309 8373 8384 8412 8415 8501 8610 8634 8669 8688 9007 9023 9030 9204 9314 9375 9398 9457 13819 13820 13826 13831 13833 13835 13838 13843 13844 13846 13848 13850 13861 13867 13869 13870 13871 13876 13877 13879 13881 13882 13883 13886 13891 13893 13894 13898 13900 13901 13903 13904 13906 13907 13909 13912 13913 13914 13993 13995 14002 14004 14006 14007 14009 14013 14018 14019 14020 14076 14077 14078 14080 
	}
	weather={
	}
}
