
strategic_region={
	id=41
	name="STRATEGICREGION_41"
	provinces={
		229 322 370 405 408 663 679 726 769 929 966 984 1030 1100 1279 1314 1385 1493 1507 1574 1826 2200 2209 2304 2392 2445 2491 2506 2538 2556 2564 2574 2734 2739 2830 2934 2941 3071 3107 3115 3211 3280 3295 3317 3320 3386 3430 3469 3488 3496 3505 3521 3582 3600 3626 3653 3837 3874 3930 3970 4104 4177 4254 4335 4336 4347 4417 4460 4498 4557 4573 4599 4639 4646 4662 4675 4685 4778 4837 4865 4911 4982 5078 5090 5099 5100 5172 5234 5304 5308 5345 5369 5509 5597 5680 5732 5746 5754 5791 5803 5839 5900 5970 5976 6002 6023 6141 6179 6207 6290 6293 6360 6451 6527 6553 6647 6658 6780 6910 6933 7024 7052 7084 7092 7114 7128 7197 7381 7392 7432 7480 7497 7539 7552 7623 7721 7725 7727 7787 7830 7945 8017 8027 8030 8059 8175 8216 8245 8347 8351 8352 8386 8416 8419 8425 8433 8462 8466 8484 8485 8544 8550 8569 8584 8601 8611 8656 8665 8704 8829 8927 8974 9142 9150 9191 9301 9329 9349 9374 9448 10033 10047 10049 10089 10151 10204 10205 10237 10255 10265 10266 10270 10275 10276 10279 10280 10289 10299 10304 10305 10310 10317 10319 10320 10325 10334 10335 10341 10349 10353 10361 10370 10374 10377 10382 10383 10388 10393 10396 10401 10404 10413 10419 10422 10424 10428 10433 10442 10451 10457 10458 10461 10463 10467 10470 10474 10482 10490 10493 10498 10499 10502 10503 10517 10520 10526 10529 10538 10540 10541 10542 10549 10553 10564 10569 10571 10572 10573 10578 10580 10583 10588 10613 10614 10615 10627 10628 10637 10638 10641 10648 10653 10656 10661 10665 10666 10667 10674 10677 10681 10687 10691 10697 10706 10707 10708 10720 10723 10724 10731 10732 10734 10740 10745 10746 10748 10749 10762 10770 10781 10784 10790 10793 10801 10810 10816 10817 10831 10846 10847 10870 10875 10885 10914 10945 10952 10954 10979 10980 10985 11019 
	}
	weather={
	}
}
