
strategic_region={
	id=43
	name="STRATEGICREGION_43"
	provinces={
		42 132 253 419 429 478 480 560 630 825 889 938 951 1009 1104 1174 1256 1343 1392 1676 1700 1711 1786 1791 1805 1816 1858 1958 2046 2073 2157 2256 2298 2341 2545 2635 2655 2685 2736 2782 2811 2815 2848 2949 2972 2980 2981 3048 3140 3218 3377 3461 3465 3613 3697 3804 3806 3879 3996 4060 4107 4116 4158 4303 4319 4346 4511 4569 4591 4598 4607 4730 4741 4770 4811 4980 5043 5055 5109 5176 5423 5474 5485 5513 5636 5646 5913 6083 6158 6206 6338 6418 6495 6583 6652 6678 6710 6777 6876 6955 7005 7013 7028 7093 7227 7399 7414 7527 7597 7739 7798 7892 8033 8079 8102 8111 8126 8354 8393 8436 8475 8488 8541 8557 8769 9063 9229 9242 9393 9794 9797 9816 9818 9830 9833 9839 9846 9848 9853 9854 9855 9858 9862 9864 9875 9879 9882 9885 9893 9895 9896 9904 9910 9918 9922 9944 9945 9946 9956 9962 9966 9968 9970 9986 10010 17015 
	}
	weather={
	}
}
