
strategic_region={
	id=44
	name="STRATEGICREGION_44"
	provinces={
		133 141 305 341 455 458 482 584 604 666 756 822 918 998 1010 1076 1106 1171 1330 1413 1420 1429 1436 1458 1648 1731 1802 1887 1918 1934 1949 1974 2065 2079 2095 2255 2284 2289 2305 2318 2345 2367 2486 2604 2617 2683 2695 2702 2780 2790 2800 2836 2845 2869 2887 2926 2967 2976 2996 3039 3044 3096 3110 3133 3226 3302 3376 3380 3393 3438 3497 3558 3595 3623 3659 3671 3755 3808 3859 3872 3922 3924 3929 3954 4007 4114 4123 4159 4255 4298 4317 4358 4362 4643 4665 4666 4674 4693 4712 4780 4805 4884 4892 4924 5085 5113 5120 5303 5340 5454 5544 5559 5627 5641 5644 5658 5660 5729 5749 5758 5760 5796 5814 5821 5853 5878 5962 6138 6223 6256 6270 6281 6305 6311 6321 6407 6431 6478 6549 6572 6576 6628 6632 6778 6985 7050 7142 7155 7308 7338 7500 8073 8129 8136 8294 8420 8437 8482 8567 8628 8649 8904 8967 8973 9024 9051 9234 9468 9683 9695 9697 9698 9701 9706 9712 9714 9715 9725 9728 9729 9731 9732 9735 9736 9740 9741 9744 9746 9750 9759 9761 9762 9768 9770 9773 9776 9778 9786 9790 9791 9792 9796 9801 9806 9813 9814 9815 9841 9851 9857 9866 9868 9874 9876 9883 9899 17032 
	}
	weather={
	}
}
