
strategic_region={
	id=47
	name="STRATEGICREGION_47"
	provinces={
		238 298 399 631 713 850 886 961 1022 1068 1074 1105 1122 1165 1193 1397 1621 1671 1734 1797 1818 1891 2237 2324 2405 2431 2447 2653 2697 3047 3171 3304 3402 3427 3479 3666 3694 3707 3764 3809 3819 3842 3990 4028 4034 4071 4134 4312 4345 4379 4459 4682 4695 4720 4756 4890 4902 4904 4922 5007 5143 5321 5415 5430 5448 5554 5565 5611 5638 5727 5846 5947 5981 6074 6139 6180 6329 6342 6349 6393 6400 6579 6769 6880 6887 6900 6928 7164 7186 7234 7379 7402 7548 7693 7982 8012 8239 8279 8353 8358 8518 8651 8680 9067 9081 9108 9294 9297 9360 9891 9902 9903 9906 9915 9917 9921 9929 9930 9932 9941 9951 9953 9965 9971 9977 9982 9992 9999 10004 10011 10015 10021 10022 10024 10029 10038 10057 10064 10077 10083 10105 16875 16909 16910 16952 16961 16962 16971 16982 17048 17049 17050 17051 17054 17055 17056 
	}
	weather={
	}
}
