
strategic_region={
	id=48
	name="STRATEGICREGION_48"
	provinces={
		320 340 350 534 568 700 704 823 831 832 835 1069 1173 1367 1562 1604 1628 1633 1824 2223 2245 2326 2377 2601 2625 2630 2637 2647 2659 2748 2933 3082 3237 3296 3336 3490 3498 3610 3772 3961 3997 4037 4090 4127 4495 4535 4654 4772 4913 5069 5093 5497 5718 5748 5772 5828 6163 6265 6296 6382 6474 6477 6930 7032 7063 7133 7625 7689 7906 7941 8127 8142 8145 8169 8342 8579 8675 9110 9220 9260 9455 9678 9680 9709 9720 9723 9734 9739 9755 9757 9772 9788 9804 9805 9809 9812 9820 9827 9829 9832 9835 9838 9844 9845 9865 9877 9894 9898 16930 16935 16963 17040 
	}
	weather={
	}
}
