
strategic_region={
	id=49
	name="STRATEGICREGION_49"
	provinces={
		156 167 472 668 964 999 1154 1194 1209 1243 1342 1531 1545 1589 1618 1880 2031 2100 2199 2203 2260 2517 2966 3330 3363 3464 3583 3645 3652 3901 3940 4030 4164 4313 4389 4396 4427 4428 4436 4493 4515 4596 4708 4847 4874 5035 5103 5155 5226 5393 5494 5571 5579 5588 5622 5816 6056 6064 6175 6176 6191 6299 6337 6344 6353 6604 6605 6637 6686 6734 6765 6892 6990 7007 7147 7272 7317 7343 7365 7435 7486 7523 7541 7564 7640 7700 7714 7726 7738 7796 7848 7857 7975 7993 8006 8077 8086 8168 8227 8266 8338 8374 8426 8534 8607 8617 8755 8811 8929 9115 9121 9249 9318 9343 9441 9957 9967 9981 9991 10007 10017 10019 10026 10028 10040 10041 10042 10043 10044 10046 10055 10056 10059 10066 10068 10069 10071 10072 10075 10076 10079 10080 10088 10090 10091 10096 10099 10104 10107 10110 10114 10122 10128 10132 10138 10152 10153 10156 10163 10168 10174 10195 10218 10222 10228 10268 
	}
	weather={
	}
}
