
strategic_region={
	id=5
	name="Black Sea"
	provinces={
		14099 14103 14114 14131 14134 14152 14159 14163 14210 14220 14241 14243 14263 14277 14278 14316 14318 14323 14333 14336 14344 14348 14360 14373 14374 14375 14377 14380 14392 14396 14405 14407 14409 14418 14422 14443 14451 14471 14480 14484 14488 14497 14507 14535 14542 14546 14556 14563 14567 14583 14588 14604 14611 14614 14617 14637 14646 14653 14673 14676 14687 14688 14697 14728 14736 14755 14773 14776 14782 14808 14812 14821 14835 14839 14852 14854 14861 14876 14890 14894 14902 14912 14934 14941 14947 14957 14970 14980 14989 15009 15013 15029 15042 15070 15113 15122 15132 15139 15144 15152 15153 15156 15190 15196 15209 15214 15218 15219 15224 15237 15239 15242 15249 15257 15264 15288 15290 15295 15323 15360 15393 15395 15397 15406 15420 15423 15432 15436 15455 15458 15471 15473 15474 15502 15508 15521 15537 15539 15555 15567 15572 15573 15583 15589 15591 15605 15615 15622 15626 15632 15633 15658 15659 15690 15691 15693 15695 15700 15708 15721 15727 15730 15750 15760 15764 15766 15800 15824 15828 15842 15844 15847 15853 15858 15867 15890 15900 15906 15907 15909 15922 15928 15931 15934 15936 15938 15959 15961 15963 15964 15977 15992 15996 16007 16029 16039 16041 16044 16045 16049 16060 16075 16107 16108 16129 16132 16133 16141 16161 16170 16205 16217 16235 16238 16270 16277 16278 16295 16337 16338 16344 16351 16352 16387 16388 16391 16392 16393 16394 16395 16396 16397 16399 16403 16406 16408 16411 16415 16417 16420 16422 16425 16426 16431 16433 16436 16438 16441 16447 16449 16451 16454 16456 16458 16460 16461 16463 16465 16469 16474 16475 16476 16477 16481 16486 16494 16501 16503 16507 
	}
	weather={
	}
}
