
strategic_region={
	id=50
	name="STRATEGICREGION_50"
	provinces={
		58 97 140 193 288 413 451 532 586 712 745 1006 1220 1226 1442 1469 1626 1634 1726 1747 1871 1972 2132 2141 2190 2380 2566 2652 2711 2770 2870 3131 3144 3278 3524 3541 3672 4076 4481 4580 4746 5032 5442 5496 5550 5582 5591 5639 5650 5673 5706 6028 6333 6476 6502 6685 6786 6969 7232 7255 7586 7606 7755 7785 7978 8023 8108 9161 9475 9760 9769 9775 9781 9782 9785 9795 9808 9817 9824 9828 9837 9852 9861 9870 9871 9884 9900 9905 9916 9920 9931 9937 9940 9949 9955 9964 9979 17038 17039 17161 
	}
	weather={
	}
}
