
strategic_region={
	id=51
	name="STRATEGICREGION_51"
	provinces={
		51 54 107 128 138 187 494 524 543 628 709 910 1019 1075 1180 1323 1361 1378 1480 1492 1530 1592 1610 1977 2098 2356 2406 2591 2624 2626 2692 3251 3432 3485 3532 3684 3820 3913 3966 4055 4080 4166 4273 4586 4604 4676 4836 4991 5036 5079 5193 5353 5477 5584 5686 5751 5822 6038 6245 6261 6385 6581 6596 6790 7073 7103 7116 7118 7152 7325 7334 7478 7490 7630 7652 7789 8098 8435 8609 8780 8899 9316 9320 9384 13625 13674 13683 13692 13705 13711 13728 13729 13730 13747 13748 13758 13760 13765 13770 13776 13777 13781 13782 13795 13800 13809 13854 
	}
	weather={
	}
}
