
strategic_region={
	id=52
	name="STRATEGICREGION_52"
	provinces={
		81 199 210 487 695 922 958 1047 1223 1255 1262 1348 1415 1548 1578 1692 1800 1897 1982 2034 2056 2295 2384 2528 2586 2700 2841 2843 2875 2950 2975 3040 3100 3162 3186 3357 3445 3467 3531 3577 3584 3594 3596 3701 3876 4091 4145 4156 4173 4174 4188 4368 4452 4489 4491 4605 4617 4761 4824 4832 5006 5018 5202 5225 5342 5375 5629 5667 5668 5725 5904 5990 6003 6186 6267 6403 6447 6547 6631 6767 6934 6946 6967 6994 6998 7034 7043 7134 7393 7824 8171 8359 8495 8745 8802 8910 8914 8917 9031 9106 9344 9358 9365 9405 13096 13116 13119 13138 13140 13147 13158 13179 13203 13214 13298 13326 13350 13384 13409 13417 13428 13433 13460 13467 13479 13544 13548 13559 13560 13565 13590 13597 13601 13608 13615 13621 13634 13652 13654 13660 13662 13668 13669 13671 13689 
	}
	weather={
	}
}
