
strategic_region={
	id=57
	name="STRATEGICREGION_57"
	provinces={
		40 45 57 369 623 772 848 897 1260 1334 1374 1417 1422 1438 1488 1491 1501 1614 1661 1810 1895 2027 2049 2430 2479 2614 2682 2827 2896 3013 3075 3075 3101 3242 3260 3676 3698 3866 3866 3886 4109 4374 4593 4935 4988 5001 5072 5177 5214 5214 5222 5222 5256 5417 5552 5670 5670 5847 5847 5879 5879 5882 6000 6000 6131 6421 6530 6567 6813 6921 7033 7119 7129 7264 7327 7567 7645 7645 7823 8058 8453 8543 8666 8666 8892 9060 9243 9298 9389 9389 10568 10685 10764 10814 10827 10944 11032 11099 11105 11105 11129 11181 11181 11199 11199 11265 11265 11306 11306 11355 11364 11429 11457 11504 11536 11567 11608 11665 11706 11741 11753 11795 11800 11819 11923 16877 16877 16924 16924 17076 17076 17078 17078 
	}
	weather={
	}
}
