
strategic_region={
	id=58
	name="STRATEGICREGION_58"
	provinces={
		173 175 188 301 416 448 515 621 784 805 821 869 895 902 919 972 1007 1027 1248 1388 1437 1514 1533 1732 1801 1830 1867 1946 2014 2038 2066 2196 2317 2368 2533 2560 2657 2676 3155 3201 3413 3717 3833 3964 4169 4220 4360 4546 4885 5041 5160 5313 5397 5403 5412 5547 5691 5948 6072 6170 6320 6483 6617 6689 6789 6840 6873 7347 7453 7804 7809 8060 8120 8172 8235 8410 8713 8851 8868 8906 9435 9443 12732 12805 12858 12859 12869 12985 13016 13043 13061 13068 13100 13101 13108 13130 13200 13217 13230 13282 13290 13970 16862 17092 17094 17095 17096 17098 17100 17102 
	}
	weather={
	}
}
