
strategic_region={
	id=59
	name="STRATEGICREGION_59"
	provinces={
		8 22 49 90 108 113 178 194 557 601 728 797 887 950 976 1110 1133 1179 1685 1756 1806 1822 1882 1889 1931 2105 2227 2640 2731 2927 2986 3137 3174 3208 3293 3509 3591 3598 3721 3725 3798 3840 3909 3989 4000 4047 4082 4309 4444 4589 4635 4798 4810 5195 5298 5323 5326 5510 5666 5766 5836 5861 5992 6121 6271 6277 6285 6413 6713 6763 6803 6916 7240 7296 7413 7545 7659 7665 8141 8224 8461 8533 8580 8590 8613 8631 8918 8922 8924 11949 11996 12020 12042 12076 12097 12119 12188 12219 12226 12240 12252 12271 12317 12321 12341 12377 12432 12438 12449 12458 12618 12675 12678 12693 12747 12783 12788 12829 12912 16886 17086 17087 17089 
	}
	weather={
	}
}
