
strategic_region={
	id=6
	name="STRATEGICREGION_6"
	provinces={
		1 91 122 256 633 694 776 915 954 987 1005 1050 1131 1163 1166 1271 1366 1399 1583 1658 1766 1808 1923 2161 2193 2297 2524 2551 2605 2610 2687 2727 2772 2781 2850 2855 2868 2970 3004 3111 3274 3399 3478 3493 3518 3561 3769 3821 3847 3858 3868 3936 3978 4093 4170 4230 4652 4888 5157 5284 5428 5486 5810 5812 5864 5933 6280 6283 6425 6623 6640 6834 6989 7111 7366 7423 7729 7954 8094 8121 8213 8296 8382 8566 8970 9160 9217 9268 9269 9363 9450 13815 13823 13836 13840 13851 13852 13857 13858 13860 13865 13872 13873 13874 13884 13885 13889 13917 14025 14031 14040 14042 14044 14048 14058 14066 14067 14074 14079 14081 16895 
	}
	weather={
	}
}
