
strategic_region={
	id=60
	name="STRATEGICREGION_60"
	provinces={
		218 367 387 664 702 925 943 1012 1161 1215 1238 1309 1401 1566 1697 1809 1888 2180 2257 2313 2338 2381 2518 2563 2594 2599 2755 2786 2958 3009 3020 3090 3151 3166 3176 3227 3239 3341 3409 3416 3418 3556 3580 3642 3677 3892 3910 3941 3995 4043 4096 4176 4221 4246 4477 4479 4795 4823 5034 5047 5135 5199 5264 5377 5394 5436 5479 5489 6014 6132 6254 6365 6368 6497 6523 6540 6619 6698 6718 6793 6829 6872 7060 7070 7079 7276 7371 7811 7817 7925 8178 8443 8526 8806 8856 8873 8946 8958 8976 9077 9308 10221 10248 10267 10306 10314 10322 10342 10363 10371 10384 10402 10414 10415 10436 10448 10449 10454 10462 10476 10485 10492 10500 10504 10506 10514 10530 10566 10581 10590 10591 10599 10602 10618 10631 10642 10662 10675 10678 10702 10728 10742 10751 10778 10796 10824 10861 10879 10920 10975 11010 13918 13919 13920 13921 13922 
	}
	weather={
	}
}
