
strategic_region={
	id=61
	name="STRATEGICREGION_61"
	provinces={
		96 120 145 159 177 184 230 339 368 390 431 459 477 484 536 651 680 734 792 800 865 867 899 923 962 971 1049 1064 1109 1152 1196 1267 1292 1294 1398 1427 1439 1475 1477 1504 1508 1516 1608 1714 1785 1794 1827 1849 1903 1910 1959 1960 2063 2113 2150 2163 2164 2225 2228 2306 2340 2438 2526 2532 2562 2589 2712 2758 2793 2842 2858 2877 2886 2937 3029 3058 3068 3127 3161 3180 3202 3209 3222 3230 3327 3471 3482 3506 3508 3612 3624 3726 3884 3894 3956 4019 4113 4142 4191 4222 4277 4292 4295 4328 4440 4636 4651 4813 4825 4897 5022 5140 5146 5297 5302 5322 5398 5445 5546 5599 5633 5764 5793 5825 5835 5923 6018 6022 6055 6133 6137 6153 6323 6459 6484 6528 6606 6681 6772 6830 6889 6902 6952 7212 7223 7274 7286 7318 7329 7395 7580 7648 7671 7704 7835 8404 8451 8514 8530 8571 8638 8652 8673 8857 8896 9012 9120 9152 9310 9463 9909 9912 9919 9936 9942 9943 9961 9975 9993 9996 10014 10023 10025 10031 10037 10058 10063 10067 10074 10084 10092 10094 10103 10111 10116 10117 10121 10123 10125 10126 10135 10137 10145 10148 10150 10160 10171 10178 10179 10180 10184 10203 10216 10232 10244 10245 10283 10338 10447 10453 17164 
	}
	weather={
	}
}
