
strategic_region={
	id=63
	name="STRATEGICREGION_63"
	provinces={
		14096 14110 14111 14117 14121 14124 14139 14156 14172 14227 14234 14253 14265 14282 14311 14328 14387 14417 14428 14441 14477 14494 14516 14522 14548 14575 14578 14621 14648 14649 14650 14660 14677 14721 14747 14753 14790 14791 14799 14802 14806 14822 14892 14917 14948 14954 14991 14996 15017 15021 15022 15063 15067 15092 15108 15112 15121 15129 15145 15151 15202 15232 15245 15252 15273 15289 15297 15300 15310 15348 15352 15390 15401 15428 15433 15439 15452 15457 15489 15491 15570 15586 15598 15599 15603 15611 15625 15648 15650 15670 15671 15701 15703 15716 15722 15740 15743 15751 15765 15777 15784 15802 15809 15826 15832 15835 15849 15870 15901 15925 15929 15932 15933 15939 15941 15960 15967 15978 16004 16077 16079 16085 16111 16119 16140 16144 16157 16187 16206 16229 16232 16239 16304 16336 16365 16367 16369 16398 16400 16401 16402 16404 16405 16407 16409 16410 16412 16413 16414 16416 16418 16419 16421 16423 16424 16427 16428 16429 16430 16432 16434 16435 16437 16439 16440 16442 16443 16444 16445 16446 16448 16452 16453 17167 
	}
	weather={
	}
}
