
strategic_region={
	id=64
	name="STRATEGICREGION_64"
	provinces={
		14102 14125 14146 14148 14161 14188 14195 14211 14213 14310 14350 14351 14363 14381 14382 14383 14399 14440 14442 14449 14460 14470 14490 14518 14524 14540 14545 14551 14577 14591 14615 14663 14669 14674 14696 14710 14713 14714 14730 14744 14772 14778 14780 14787 14788 14819 14830 14864 14870 14882 14932 14990 15015 15025 15031 15058 15065 15071 15084 15111 15114 15115 15126 15128 15131 15134 15148 15149 15166 15194 15260 15268 15277 15286 15291 15292 15305 15308 15322 15337 15376 15386 15404 15443 15445 15462 15464 15466 15478 15479 15484 15488 15522 15526 15540 15565 15607 15610 15627 15628 15637 15663 15713 15723 15731 15774 15779 15780 15817 15837 15871 15893 15911 15962 15983 15987 15995 15998 16019 16031 16055 16066 16092 16109 16118 16135 16172 16201 16211 16216 16231 16243 16256 16268 16300 16303 16314 16322 16323 16326 16330 16373 16390 16450 16455 16457 16459 16462 16464 16466 16467 16468 16470 16471 16472 16473 16478 16479 16480 16482 16483 16484 16485 16487 16490 16491 16493 16495 16496 16497 16941 17107 17108 17109 17110 
	}
	weather={
	}
}
