
strategic_region={
	id=65
	name="STRATEGICREGION_65"
	provinces={
		14093 14100 14123 14127 14141 14142 14151 14191 14214 14215 14249 14251 14259 14291 14299 14309 14321 14331 14340 14357 14358 14361 14366 14436 14469 14512 14528 14552 14561 14581 14652 14658 14662 14679 14691 14725 14732 14745 14774 14804 14810 14831 14837 14850 14862 14863 14866 14897 14900 14960 14961 14986 14993 14995 15003 15004 15006 15014 15075 15118 15127 15167 15192 15216 15228 15261 15269 15314 15319 15340 15345 15368 15412 15414 15418 15427 15470 15496 15512 15523 15558 15559 15566 15592 15677 15686 15744 15747 15815 15820 15827 15829 15841 15882 15884 15887 15905 15927 15946 15952 15999 16003 16009 16016 16056 16063 16070 16116 16122 16143 16154 16180 16236 16241 16258 16266 16283 16286 16297 16312 16319 16341 16345 16489 16498 16500 16502 16504 16505 16506 16508 16511 16513 16515 16517 16520 16521 16522 16524 16527 16529 16532 16533 16543 16551 16559 16562 16573 16574 16576 16583 16599 16932 17112 
	}
	weather={
	}
}
