
strategic_region={
	id=66
	name="STRATEGICREGION_66"
	provinces={
		14082 14087 14089 14090 14091 14094 14101 14105 14109 14112 14118 14120 14128 14137 14143 14145 14149 14150 14153 14158 14167 14174 14175 14177 14178 14179 14180 14197 14199 14201 14203 14205 14207 14208 14212 14216 14217 14218 14223 14224 14226 14233 14240 14242 14244 14245 14248 14250 14257 14258 14270 14273 14276 14284 14285 14286 14288 14289 14294 14297 14298 14300 14303 14307 14319 14325 14329 14330 14334 14337 14338 14341 14342 14352 14362 14364 14370 14379 14393 14395 14408 14411 14412 14413 14415 14421 14423 14424 14425 14430 14444 14445 14455 14457 14466 14467 14468 14473 14479 14482 14489 14491 14493 14502 14503 14514 14520 14526 14530 14532 14537 14547 14557 14560 14565 14571 14582 14586 14589 14590 14593 14595 14599 14601 14603 14607 14613 14616 14636 14642 14656 14659 14661 14664 14694 14698 14705 14708 14709 14711 14715 14723 14727 14735 14741 14746 14749 14758 14759 14761 14763 14765 14767 14768 14771 14786 14797 14800 14801 14813 14817 14833 14836 14840 14842 14843 14844 14845 14849 14857 14858 14867 14869 14871 14873 14875 14877 14878 14879 14885 14886 14887 14888 14891 14893 14904 14906 14907 14914 14930 14945 14949 14950 14963 14964 14968 14974 14977 14978 14984 14997 15001 15002 15005 15010 15019 15023 15032 15051 15055 15059 15066 15074 15076 15079 15085 15087 15097 15100 15101 15102 15104 15109 15124 15136 15138 15141 15142 15143 15162 15170 15177 15178 15179 15180 15181 15183 15187 15191 15201 15203 15211 15213 15220 15223 15225 15231 15234 15240 15250 15262 15263 15267 15271 15285 15299 15301 15304 15316 15317 15324 15326 15328 15331 15332 15354 15357 15359 15367 15371 15375 15381 15387 15394 15399 15407 15409 15411 15413 15425 15426 15430 15435 15446 15453 15461 15463 15467 15483 15486 15487 15490 15494 15495 15497 15498 15499 15501 15511 15520 15524 15525 15530 15531 15542 15544 15546 15547 15549 15551 15554 15569 15585 15587 15590 15594 15597 15601 15602 15612 15620 15655 15668 15676 15678 15684 15687 15688 15698 15702 15711 15725 15728 15734 15741 15757 15763 15770 15778 15781 15785 15793 15797 15798 15807 15808 15811 15816 15819 15822 15823 15854 15863 15874 15878 15881 15886 15895 15898 15899 15904 15910 15913 15915 15917 15921 15945 15948 15970 15972 15976 15979 15982 15993 15994 16002 16011 16014 16015 16017 16018 16022 16023 16025 16061 16065 16067 16068 16069 16071 16072 16074 16076 16082 16084 16094 16100 16113 16126 16139 16145 16147 16163 16165 16171 16177 16178 16181 16188 16209 16221 16222 16226 16233 16242 16247 16248 16252 16265 16267 16269 16271 16272 16279 16281 16282 16308 16310 16316 16318 16320 16327 16328 16333 16340 16348 16350 16360 16362 16370 16379 16389 16561 16566 16571 16579 16588 16589 16590 16593 16595 16600 16605 16606 16607 16610 16612 16615 16616 16618 16630 16631 16636 16644 16649 16658 16665 16669 16672 16682 16697 16702 16705 16710 16711 16712 16717 16718 16722 16723 16725 16727 16731 16735 16741 16743 16744 16745 16746 16747 16749 16759 16761 16762 16770 16773 16788 16789 16794 16797 16799 16807 16809 16812 16814 16824 16831 16832 16834 16839 16849 16852 16853 16854 16855 
	}
	weather={
	}
}
