
strategic_region={
	id=67
	name="STRATEGICREGION_67"
	provinces={
		14091 14094 14101 14105 14118 14149 14167 14175 14197 14201 14205 14208 14212 14216 14217 14218 14224 14233 14240 14245 14270 14273 14276 14286 14289 14297 14300 14337 14341 14342 14346 14364 14379 14402 14411 14415 14423 14430 14444 14466 14467 14473 14493 14502 14503 14520 14526 14530 14557 14560 14565 14590 14593 14595 14599 14603 14613 14616 14642 14656 14661 14664 14705 14709 14711 14722 14727 14749 14761 14763 14767 14770 14797 14817 14823 14842 14857 14858 14867 14869 14871 14906 14907 14914 14930 14945 14949 14952 14962 14963 14964 14968 14977 14984 15002 15005 15010 15032 15051 15055 15087 15100 15101 15102 15104 15133 15136 15143 15170 15177 15178 15180 15181 15191 15201 15220 15225 15231 15234 15240 15262 15296 15299 15301 15304 15316 15324 15326 15331 15354 15357 15371 15375 15387 15394 15399 15407 15411 15425 15426 15430 15435 15467 15483 15486 15487 15490 15494 15497 15499 15501 15517 15520 15530 15531 15547 15549 15587 15594 15602 15655 15668 15678 15684 15687 15698 15728 15770 15778 15793 15797 15798 15807 15808 15822 15823 15863 15874 15878 15881 15904 15910 15915 15921 15970 15976 15979 15982 15994 16011 16017 16022 16023 16025 16067 16069 16071 16072 16074 16100 16113 16131 16139 16145 16147 16158 16165 16178 16181 16188 16222 16233 16242 16244 16247 16248 16252 16267 16271 16272 16279 16281 16282 16306 16310 16316 16318 16320 16328 16333 16362 16368 16370 16389 16561 16566 16571 16579 16588 16589 16590 16593 16595 16600 16605 16606 16607 16610 16612 16615 16616 16618 16630 16631 16636 16644 16649 16658 16661 16665 16669 16672 16674 16677 16682 16684 16697 16698 16702 16705 16708 16710 16712 16717 16727 16731 
	}
	weather={
	}
}
