
strategic_region={
	id=69
	name="STRATEGICREGION_69"
	provinces={
		14083 14084 14085 14086 14088 14092 14095 14098 14106 14108 14113 14115 14116 14122 14126 14132 14135 14136 14147 14160 14164 14166 14168 14169 14171 14176 14182 14185 14187 14192 14194 14200 14206 14209 14221 14222 14231 14232 14235 14236 14237 14247 14254 14255 14256 14261 14266 14267 14268 14269 14271 14272 14275 14279 14280 14281 14295 14301 14302 14305 14306 14308 14312 14313 14314 14315 14317 14322 14339 14343 14345 14347 14354 14355 14371 14378 14388 14389 14390 14394 14403 14404 14406 14416 14420 14426 14429 14431 14433 14438 14439 14446 14447 14448 14450 14456 14459 14464 14474 14476 14478 14481 14483 14486 14487 14495 14496 14498 14499 14500 14501 14505 14506 14508 14510 14513 14515 14521 14523 14534 14536 14538 14544 14550 14554 14559 14562 14566 14570 14574 14585 14587 14592 14596 14597 14605 14608 14609 14612 14620 14623 14626 14628 14629 14633 14638 14639 14641 14644 14645 14647 14651 14667 14668 14670 14672 14675 14681 14682 14684 14685 14686 14689 14690 14700 14701 14718 14724 14731 14733 14734 14738 14740 14742 14743 14750 14752 14757 14762 14764 14775 14783 14789 14792 14794 14795 14807 14811 14815 14818 14820 14824 14826 14827 14828 14832 14834 14838 14846 14848 14856 14859 14865 14868 14872 14874 14881 14883 14884 14889 14898 14903 14908 14909 14910 14915 14918 14919 14920 14922 14928 14929 14931 14933 14937 14942 14943 14946 14953 14958 14959 14965 14969 14971 14972 14975 14976 14979 14982 14983 14987 14988 14994 14998 14999 15000 15007 15008 15016 15020 15027 15028 15030 15033 15034 15035 15038 15039 15040 15044 15045 15046 15050 15054 15057 15060 15061 15068 15069 15073 15082 15083 15086 15090 15091 15094 15095 15099 15105 15107 15110 15117 15125 15135 15140 15146 15147 15154 15155 15157 15158 15159 15161 15163 15165 15168 15169 15172 15173 15174 15175 15184 15189 15193 15195 15197 15199 15200 15204 15206 15207 15208 15212 15215 15222 15226 15227 15230 15233 15241 15244 15246 15248 15255 15256 15258 15270 15274 15275 15279 15282 15284 15287 15294 15302 15303 15306 15307 15309 15311 15313 15315 15318 15320 15325 15327 15329 15333 15334 15338 15339 15341 15346 15347 15350 15356 15358 15361 15362 15365 15366 15377 15379 15380 15384 15385 15388 15389 15392 15396 15398 15400 15402 15403 15408 15415 15417 15419 15421 15422 15431 15440 15442 15447 15448 15449 15450 15451 15454 15456 15460 15468 15469 15472 15475 15477 15480 15481 15482 15485 15493 15500 15503 15505 15507 15509 15510 15513 15514 15516 15518 15529 15532 15533 15534 15536 15538 15541 15550 15552 15556 15560 15561 15563 15564 15568 15574 15579 15580 15581 15582 15588 15600 15604 15608 15614 15616 15617 15618 15619 15623 15624 15629 15634 15636 15639 15640 15641 15644 15645 15646 15647 15649 15651 15653 15654 15656 15657 15661 15662 15664 15666 15667 15669 15672 15673 15674 15680 15681 15682 15685 15692 15697 15699 15704 15706 15707 15709 15710 15712 15717 15718 15719 15724 15729 15732 15733 15735 15736 15737 15738 15742 15745 15749 15752 15753 15754 15758 15761 15762 15768 15771 15772 15773 15776 15788 15794 15795 15796 15799 15803 15804 15805 15806 15812 15814 15818 15821 15830 15831 15833 15836 15839 15843 15846 15850 15851 15859 15860 15862 15865 15866 15869 15872 15875 15877 15879 15880 15883 15888 15889 15892 15894 15896 15897 15903 15908 15912 15918 15920 15923 15924 15926 15935 15937 15940 15943 15944 15947 15950 15956 15957 15958 15969 15971 15973 15975 15980 15986 15990 15997 16000 16005 16006 16008 16010 16012 16021 16024 16026 16027 16028 16030 16032 16034 16035 16036 16037 16038 16040 16042 16046 16047 16050 16051 16052 16053 16054 16062 16064 16078 16083 16087 16089 16096 16102 16104 16105 16106 16120 16121 16123 16124 16128 16137 16138 16142 16148 16149 16150 16151 16152 16153 16160 16162 16167 16169 16173 16176 16179 16186 16189 16190 16191 16192 16193 16196 16198 16199 16202 16204 16207 16210 16213 16218 16219 16223 16224 16225 16228 16234 16240 16245 16246 16249 16250 16251 16255 16259 16260 16261 16264 16275 16276 16285 16287 16290 16291 16292 16293 16294 16296 16301 16305 16307 16309 16311 16315 16321 16329 16334 16335 16339 16342 16343 16353 16354 16355 16356 16358 16361 16363 16364 16372 16374 16375 16377 16378 16381 16382 16383 16384 16385 16386 16528 16530 16534 16538 16539 16540 16546 16548 16550 16552 16553 16565 16568 16569 16575 16577 16580 16581 16582 16584 16585 16592 16594 16596 16597 16601 16602 16603 16608 16609 16611 16619 16620 16621 16622 16623 16624 16625 16629 16632 16635 16641 16642 16643 16645 16646 16653 16654 16655 16656 16657 16663 16666 16667 16668 16675 16683 16688 16692 16693 16700 16703 16704 16706 16707 16709 16713 16714 16716 16719 16720 16724 16726 16728 16729 16730 16733 16734 16737 16738 16739 16742 16748 16750 16751 16752 16754 16755 16756 16757 16758 16763 16764 16765 16766 16767 16768 16771 16772 16774 16775 16777 16779 16781 16782 16783 16785 16786 16787 16790 16791 16792 16793 16795 16796 16798 16801 16802 16804 16805 16808 16811 16813 16815 16816 16817 16818 16819 16820 16822 16823 16825 16827 16829 16830 16835 16836 16837 16838 16840 16841 16844 16845 16846 16848 16850 16851 16857 16858 
	}
	weather={
	}
}
