
strategic_region={
	id=7
	name="STRATEGICREGION_7"
	provinces={
		53 297 418 445 467 742 747 952 1065 1114 1117 1239 1675 1765 1869 1954 2129 2175 2366 2651 2806 3414 3551 3619 3667 3718 3761 3797 3816 4547 4687 4762 4891 5012 5122 5255 5283 5460 5553 5730 5783 5989 6216 6521 6593 6775 7051 7302 7340 7420 7471 7526 7579 7751 7900 7901 7984 8002 8020 8180 8299 8763 8765 8911 8938 9383 13737 13744 13759 13786 13862 13878 13902 13911 13915 13916 13990 13991 13992 13994 13996 13997 13999 14021 14023 14024 14026 14030 14032 14036 14037 14045 14049 14051 14053 14054 14055 14056 14057 14059 14060 14061 14062 14063 14064 14065 14068 14069 14070 14071 14072 14073 14075 
	}
	weather={
	}
}
