
strategic_region={
	id=8
	name="STRATEGICREGION_8"
	provinces={
		3 4 19 36 52 77 116 137 164 240 264 300 303 314 323 334 360 371 376 393 400 426 439 442 453 454 470 474 491 516 528 530 549 551 563 624 636 657 658 667 682 689 718 722 724 735 741 751 753 764 775 783 799 808 820 829 842 859 875 881 890 891 949 955 959 960 967 970 986 990 1024 1037 1044 1059 1072 1123 1138 1140 1144 1145 1155 1206 1241 1244 1253 1258 1270 1297 1310 1316 1364 1389 1395 1431 1452 1470 1482 1484 1495 1500 1513 1525 1538 1544 1549 1555 1558 1560 1596 1600 1601 1603 1609 1622 1662 1721 1733 1742 1772 1820 1837 1853 1856 1857 1872 1886 1917 1930 1939 1968 1969 1973 1985 1998 2012 2013 2028 2033 2077 2091 2092 2102 2103 2106 2109 2122 2155 2156 2174 2182 2202 2221 2231 2238 2272 2291 2292 2323 2362 2372 2373 2376 2396 2401 2427 2435 2441 2477 2492 2503 2504 2512 2525 2541 2546 2549 2557 2569 2588 2600 2608 2686 2706 2718 2723 2752 2759 2774 2797 2818 2829 2844 2851 2863 2878 2893 2894 2963 3050 3069 3072 3076 3105 3114 3195 3197 3234 3236 3240 3252 3254 3256 3264 3268 3298 3308 3311 3312 3318 3339 3350 3358 3367 3368 3378 3383 3394 3415 3440 3452 3503 3507 3514 3537 3569 3647 3650 3660 3723 3733 3735 3754 3762 3773 3778 3801 3845 3893 3895 3902 3923 3926 3927 3958 3959 3984 4023 4029 4038 4042 4074 4098 4115 4131 4133 4139 4235 4239 4252 4253 4270 4271 4272 4297 4322 4327 4353 4372 4381 4386 4402 4421 4445 4472 4499 4517 4520 4532 4554 4562 4577 4623 4634 4644 4655 4656 4658 4680 4692 4704 4705 4707 4713 4723 4785 4788 4839 4846 4848 4854 4871 4929 4943 4970 4972 4973 4974 4984 5021 5046 5064 5088 5130 5168 5208 5224 5227 5239 5265 5281 5307 5314 5320 5329 5330 5331 5337 5364 5372 5391 5438 5464 5468 5515 5549 5594 5631 5632 5648 5654 5710 5724 5737 5769 5778 5854 5865 5872 5881 5894 5897 5991 6025 6085 6105 6109 6123 6125 6130 6152 6205 6209 6239 6292 6326 6369 6399 6433 6448 6457 6471 6488 6490 6524 6525 6570 6620 6641 6682 6688 6723 6724 6735 6737 6750 6776 6805 6839 6842 6847 6851 6868 6878 6899 6908 6968 6973 6976 7057 7062 7069 7090 7095 7120 7127 7136 7143 7201 7204 7215 7219 7248 7282 7304 7307 7363 7367 7397 7419 7428 7457 7462 7516 7520 7522 7535 7568 7591 7627 7669 7707 7732 7743 7757 7790 7791 7866 7869 7886 7893 7899 7907 7912 7938 7951 7995 8149 8188 8263 8275 8288 8297 8316 8320 8322 8357 8366 8394 8400 8429 8547 8552 8653 8694 8702 8725 8738 8759 8831 8836 8887 8894 8895 8985 8999 9033 9076 9087 9088 9095 9099 9114 9118 9124 9137 9145 9163 9179 9223 9264 9302 9319 9327 9414 9420 9438 9461 13446 13483 13501 13505 13506 13508 13520 13521 13531 13532 13542 13552 13558 13567 13582 13583 13586 13593 13600 13602 13606 13620 13623 13629 13633 13637 13640 13646 13651 13666 13670 13673 13676 13677 13680 13681 13686 13690 13698 13707 13716 13719 13724 13725 13726 13727 13732 13733 13735 13739 13742 13745 13746 13750 13751 13752 13755 13756 13757 13761 13762 13763 13764 13769 13774 13775 13778 13779 13783 13785 13787 13788 13789 13791 13796 13797 13798 13799 13802 13803 13804 13805 13808 13812 13813 13817 13818 13824 13828 13830 13837 13841 13845 13847 13849 13853 13855 13856 13859 13863 13864 13866 13868 13875 13880 13887 13888 13890 13892 13895 13896 13897 13899 13905 13908 13910 13976 13980 13998 14027 14029 14033 14034 14038 14039 14041 14043 14046 14047 14050 14052 16864 16872 16873 16876 16897 16903 16928 16942 16957 16979 16986 16996 17001 17118 17120 17121 17123 17134 17135 17136 17137 17139 17148 17154 17157 
	}
	weather={
	}
}
