1 12 35 9619 3933 9668 963 674 6058 914 9699 3656 9722 5002 
1 5 914 7970 4747 3463 6117 
1 6 3933 1893 5505 7314 5578 9672 
1 7 3933 161 9637 3112 8954 1056 7376 
1 10 963 5545 1839 5194 659 9718 9733 5694 9751 9779 
1 8 9718 251 9730 4395 9177 3283 284 5965 
1 7 251 9747 6884 3905 1404 2535 3307 
1 8 3905 3370 1245 9017 4422 6250 7330 3128 
1 6 2535 8987 9860 5888 1845 9842 
1 2 35 7801 
1 9 7801 9598 5063 324 8367 9564 168 5054 892 
1 5 9564 1457 9582 1727 6787 
1 6 9751 5801 9738 1354 3481 8683 
1 4 8683 2204 2788 4356 
1 7 9842 41 4527 9849 359 2114 4356 
1 9 6787 1032 2118 2817 6346 5723 9693 2144 3481 
1 3 9672 6077 6346 
1 5 9619 7311 3138 1282 3825 
1 3 3138 7604 9523 
1 6 9842 4653 9872 3204 6167 9907 
1 7 5063 412 7828 6472 4441 9511 9523 
1 4 3825 9572 3118 5063 
1 6 7376 4126 8146 3991 5319 9523 
1 5 6787 6067 781 4323 552 
1 5 9779 9214 9803 5759 5888 
1 6 9779 9784 1624 743 2173 8683 
1 4 161 8418 9626 9619 
1 10 172 4296 234 6898 13187 13195 3480 4393 2075 13156 
1 20 13223 13259 733 13262 4945 7997 6362 13276 13283 7066 102 7991 2093 2632 13356 146 13363 13395 846 13419 
1 8 2446 1148 7955 3103 5779 5614 13162 8100 
1 5 13223 4842 7425 7992 8100 
1 4 4296 8143 7015 13137 
1 7 13137 9230 1630 13120 3168 3188 13156 
1 4 2075 13189 7353 538 
1 5 1630 525 8378 2321 13025 
1 4 172 4432 6222 7475 
1 14 4296 13237 4877 13249 13232 13222 8189 13220 13239 13266 13246 1112 1720 2607 
1 4 538 6675 438 7418 
1 10 2607 1276 13325 627 3722 4387 13359 1854 644 68 
1 10 438 862 816 7839 2717 7820 430 13279 5731 1120 
1 22 68 8124 13341 4584 13275 2705 9082 3404 2867 5635 706 678 2416 8317 59 4269 4377 4768 7560 9335 5179 13364 
1 10 59 7608 615 5689 5595 6242 13374 684 6716 905 
1 3 8317 2068 6671 
1 4 1120 739 4424 13275 
1 4 7560 123 6046 4211 
1 5 4211 2510 4050 3086 544 
1 4 4211 7098 4198 1353 
1 7 2510 3019 7896 6034 9043 3779 13500 
1 6 13500 4057 13537 13533 237 5739 
1 21 5179 1554 13426 5216 4576 5984 13445 2101 5537 1708 7663 13473 13452 5960 2339 4275 3513 6791 4092 7294 6810 
1 6 47 1694 2838 7573 13554 6810 
1 6 13554 8011 715 1496 9227 5739 
1 7 5537 9275 1602 7722 5346 6565 5024 
1 6 4576 13392 7940 13385 6751 9275 
1 3 1353 5502 2333 
1 4 6810 8640 7468 492 
1 13 47 8331 1542 13665 8278 250 8636 3321 13718 5102 485 4710 641 
1 19 5102 13738 245 1227 3678 9117 9079 114 1543 8847 2802 8523 4963 9127 2266 9256 13829 4035 7635 
1 3 13829 3938 6893 
1 4 13829 13842 5809 6730 
1 12 9117 1674 13772 13780 5495 6210 13790 8103 3855 6984 638 6893 
1 7 3855 88 13801 10 13794 3581 3185 
1 6 10 2279 7661 1054 3969 3207 
1 19 3678 13749 1410 13743 13734 3182 9093 8984 3231 3192 2354 13663 4803 469 5820 1524 219 698 237 
1 3 3321 6709 2354 
1 12 5024 8729 2929 407 13449 2771 13482 3658 7208 8615 13563 7468 
1 25 1694 2358 798 13631 7292 5205 13648 5634 8564 5889 5523 3390 7969 13643 9207 13594 824 13591 6068 6874 6721 13545 2047 13524 1058 
1 6 6721 8506 499 13519 5564 13489 
1 20 13519 5384 7531 9013 7777 3225 3411 6169 8133 13453 13455 537 13486 3249 1750 13529 13540 529 7416 13563 
1 13 9207 13617 7594 13604 13588 4886 13574 6286 13556 9136 5173 13528 3249 
1 7 5889 3158 8306 2110 13684 9454 13687 
1 21 13684 9280 7064 13675 6499 404 13655 13639 13635 13618 13610 8409 13595 9182 4162 13578 7305 7742 5804 6420 1058 
1 24 13684 3651 13697 13703 719 7442 3501 1003 4488 5232 2740 723 13766 13767 6016 1855 2735 2285 3605 13806 1693 13793 3436 114 
1 6 13767 13754 5057 928 13736 641 
1 8 641 9362 7495 8047 540 8068 2332 7292 
1 8 719 6284 8510 5050 3286 3410 721 7495 
1 7 9127 13834 13832 9450 7954 13851 4888 
1 11 4888 694 13852 13836 915 8121 1583 2727 6283 13840 1166 
1 6 6283 2610 7111 13815 2772 915 
1 7 1166 8566 2970 6425 4093 13865 13873 
1 9 13851 5933 1808 13874 13872 2605 2524 5810 13885 
1 5 5933 8382 1005 954 13884 
1 6 776 3493 3274 987 633 13885 
1 8 2524 13889 5486 5812 1366 7366 4170 776 
1 11 3274 1050 6640 1163 3478 1271 1399 3821 9363 1131 13873 
1 21 7722 5868 670 5039 8267 13320 1474 4721 9125 13287 13273 7170 13294 13281 13301 4072 150 13313 3121 4933 9470 
1 5 9470 6467 13402 5938 537 
1 9 13482 8507 6865 8975 48 13368 5188 13339 150 
1 14 9470 13318 4714 4342 13373 4545 13376 3074 13370 7741 7622 13393 8874 8463 
1 5 7777 4571 13420 13404 8463 
1 7 13381 13367 7385 13365 8963 5762 790 
1 2 13381 8874 
1 6 8874 6978 13342 13323 13322 3799 
1 14 4714 13317 5483 1739 7045 13240 5558 1329 13170 2234 8593 13104 4530 7048 
1 12 13323 13307 3220 2668 3026 8671 5241 878 13208 13191 13167 13170 
1 19 3799 9472 13255 7832 13225 355 3646 5824 13142 7449 4844 13070 1971 5401 13021 13009 4679 12980 9112 
1 12 13070 7181 6959 8325 13029 374 6294 9447 2733 9251 7415 1512 
1 10 355 5152 5928 9126 13159 1705 13157 5068 1988 2234 
1 7 905 5382 13312 606 13250 13245 6504 
1 2 13364 905 
1 8 6671 767 1678 8828 1352 6160 13060 7980 
1 12 7048 13041 2387 6636 7251 7191 8996 319 9084 8037 6558 1975 
1 10 1512 12863 3124 12822 12776 8282 8385 12746 6317 2947 
1 13 1971 13042 12992 9410 12978 4136 6662 6941 12941 12922 5920 12897 319 
1 14 12863 6843 8576 8381 12855 12851 5453 12835 5876 1028 1016 8749 12750 1975 
1 7 9112 6627 12945 12924 9300 8310 1512 
1 12 9251 4341 8430 567 9346 4103 12848 12825 12813 3983 12751 12729 
1 9 6504 13201 13186 2910 13146 7078 13117 13098 13106 
1 5 13098 3708 13072 4568 2606 
1 5 2606 518 12986 12974 4815 
1 9 13106 4462 8727 611 13082 13071 8204 3364 13028 
1 5 13028 510 13001 8151 8982 
1 4 13071 13024 6244 12971 
1 6 13313 2259 13268 13226 13196 5518 
1 4 5518 8717 3062 13114 
1 5 13114 9104 13075 13056 5519 
1 5 5519 4062 2408 844 8982 
1 19 8717 7662 6550 13205 6621 9337 2403 8162 13228 3587 13235 8622 7121 7345 13199 7105 13197 13209 13201 
1 5 8717 5247 5661 1547 1329 
1 7 2387 13013 13035 151 5221 13026 5519 
1 10 6504 7355 1962 13213 8654 13193 13194 8405 275 1678 
1 11 2606 4470 5784 13083 13088 5457 13064 13046 2849 13015 7980 
1 23 8749 12734 8088 5615 12640 1021 6361 12531 4333 12506 4465 12459 249 12471 12435 7067 9263 4051 12346 1187 105 9338 3453 
1 9 2947 7094 3027 12685 9001 12704 12719 12697 12729 
1 7 2947 12667 12629 12592 5356 12498 9263 
1 9 9001 6047 1900 7107 12513 7479 12456 9338 3453 
1 9 12746 12712 7472 12681 7603 3550 12606 5566 6361 
1 8 3420 12631 79 2667 1864 512 1132 12828 
1 3 12828 1875 2167 
1 5 13025 4564 1556 12883 2167 
1 4 7418 4186 342 4287 
1 5 4287 12968 5932 5141 1132 
1 6 1678 13182 7156 857 4384 28 
1 8 430 13183 1966 5089 1198 1135 640 13010 
1 8 28 6983 1247 618 5955 5211 5969 13010 
1 11 7156 2258 4338 13216 7166 8979 13212 3757 13169 1638 13183 
1 6 7980 1201 4781 9282 290 4384 
1 9 4815 158 6937 4278 12938 6824 12951 12961 12966 
1 2 12966 12971 
1 5 13028 5570 2158 12989 12971 
1 9 12762 5929 2914 9091 7464 43 4979 4796 7191 
1 11 13001 12988 2039 6108 12920 12885 8820 12832 4355 12766 12762 
1 8 4062 7377 7831 5333 7037 7193 12884 7464 
1 5 12762 12744 12698 8046 12625 
1 6 5929 12765 6136 12706 6243 6048 
1 6 12951 6347 9018 12916 2484 12879 
1 11 12879 1327 7089 5567 12798 3396 12741 12721 12688 7459 12635 
1 7 9018 12899 6773 12844 12827 4291 12774 
1 7 12774 5075 3768 12695 12664 3540 12635 
1 8 4278 12864 1004 5246 1528 12708 9366 12670 
1 6 12664 7634 5721 7966 1580 12670 
1 4 1975 2371 12642 2375 
1 8 12531 5367 12489 3325 7245 4299 810 7211 
1 3 2375 8522 7211 
1 3 6048 6088 7091 
1 7 12625 6511 12595 6470 12541 12523 1093 
1 7 12635 3024 12580 12549 4525 8807 12461 
1 4 7211 8630 1707 7091 
1 3 7091 12563 1093 
1 5 12523 12490 8855 1200 12461 
1 9 2371 1564 12692 2271 12662 8869 2346 12686 6243 
1 10 9084 12852 2062 6080 12840 7668 4148 7818 12763 12765 
1 6 12798 12794 12792 12819 2765 12827 
1 7 12827 12844 12853 1266 12854 12838 1004 
1 8 2943 9368 6536 4916 13720 7728 13731 7324 
1 5 2923 13827 1713 4829 13810 
1 3 7581 3621 9109 
1 3 7426 5797 9340 
1 4 1247 1130 6203 2468 
1 9 7980 1201 12982 12957 1649 12902 5318 3160 2468 
1 6 1135 640 6466 12955 395 4405 
1 8 2468 12887 1073 7887 12900 5998 6272 4405 
1 4 3757 2096 9425 5955 
1 6 13216 1346 13134 3533 7390 28 
1 2 3404 13216 
1 2 739 3757 
1 8 1135 13008 4910 13047 1121 13033 2120 4287 
1 5 1966 9248 2244 6159 342 
1 9 342 13076 4337 6568 3711 4250 13025 2439 3188 
1 6 13156 1313 562 13136 1881 4186 
1 5 3711 574 1804 12968 5932 
1 5 1804 12979 826 4944 1556 
1 6 395 3891 4419 7438 6408 5141 
1 6 4405 2263 12680 1646 8084 3420 
1 6 1004 8814 12847 12867 5138 5995 
1 7 13046 5832 7885 12931 4686 12882 5995 
1 3 12931 12910 6904 
1 5 6904 12836 12787 4132 60 
1 6 1649 2329 2342 12731 8468 60 
1 13 12708 9366 7874 3005 1411 12574 12554 9255 12571 12597 8520 4099 60 
1 3 12708 8335 2828 
1 8 2828 12739 12701 5237 12661 12677 2433 60 
1 7 12931 302 763 3852 1682 8888 5237 
1 7 12910 12901 3094 12862 4612 2067 2329 
1 7 7892 2848 7005 5646 7414 10050 74 
1 2 5646 825 
1 6 7892 2815 9893 9882 8354 9854 
1 3 9893 4607 1174 
1 10 909 6097 3919 746 4715 5335 2330 6164 4431 10050 
1 7 1314 10289 10265 10255 3107 10194 909 
1 5 9854 9839 1256 4569 5513 
1 5 9882 8111 9875 7227 6583 
1 12 1174 6495 3996 9962 4741 10012 3851 8193 3783 9101 8791 909 
1 8 5043 2298 1676 4980 1791 3879 9895 1174 
1 8 5043 2298 2736 3377 9985 9997 4852 8193 
1 15 7092 2491 10474 10442 10433 3582 10383 10349 8544 7114 10353 5791 10299 6023 1314 
1 11 10299 10276 6293 1385 10205 4254 1507 3280 10047 10033 929 
1 12 2491 10457 10404 4778 10341 229 663 8485 3970 1826 1574 929 
1 3 8485 7830 4254 
1 4 1826 3430 5304 3280 
1 4 10433 10463 10529 322 
1 9 3107 9349 9191 10413 5234 10499 9374 3874 10641 
1 16 10641 4573 6527 10666 10708 10691 4557 10724 7497 5900 7024 2304 6553 10885 10914 10954 
1 6 322 8927 3930 8352 10748 5900 
1 9 10353 10377 6451 8030 679 10542 10549 10628 10666 
1 10 10914 4498 10846 4104 8351 10723 769 7539 5090 2491 
1 5 10723 10720 5754 2941 3930 
1 8 3930 10638 10615 6360 3505 1279 10540 10542 
1 6 10549 10517 10526 10490 10499 5234 
1 6 3280 3600 209 10045 3398 4852 
1 5 1507 10124 893 6932 9101 
1 5 4254 582 8891 10214 10194 
1 7 3919 6677 7158 1784 2219 6657 5366 
1 6 9191 8419 10317 1063 5883 7158 
1 3 1784 7165 2330 
1 3 5366 2672 6164 
1 4 3851 1992 6957 2330 
1 5 4431 2635 4319 1858 4741 
1 5 7414 6083 2980 1104 3996 
1 4 6495 7093 3465 2848 
1 7 209 2011 480 8102 132 9946 5043 
1 5 929 7527 5913 9063 9946 
1 4 929 405 9229 8102 
1 5 5043 2046 8393 9879 3048 
1 3 1791 938 4303 
1 6 1174 1805 9864 9846 2341 5474 
1 7 3377 1343 4158 5109 8769 3996 6495 
1 4 5109 2256 1009 1791 
1 4 9997 2809 717 10012 
1 5 2167 3838 8337 12671 5125 
1 3 5125 12584 12556 
1 6 5125 12611 1743 6440 1967 2501 
1 6 2501 5201 12353 2694 2482 12148 
1 5 2667 2307 6538 3362 12556 
1 3 4405 12727 1864 
1 24 12489 8333 6291 8998 5473 12398 5350 2424 12318 5229 12243 7124 12146 3097 7720 9168 7637 5602 5389 7112 4937 9196 2903 214 
1 8 12346 4051 12391 12375 8054 4614 5987 2424 
1 14 214 941 11582 11550 9158 11443 11379 5656 1723 3170 6150 11280 11237 127 
1 27 11550 11582 941 214 2903 1142 4947 11808 11822 6039 3387 4928 8736 8834 8570 7187 5711 11664 5095 11645 1539 11646 4339 692 6142 11653 380 
1 16 5602 7241 11978 12010 12021 12055 1362 6542 6229 4513 4259 2165 12194 5813 4194 12229 
1 8 12490 7596 12417 3834 8396 4180 7244 12229 
1 12 12243 8423 7695 3055 6430 7871 4987 12205 3704 2351 8770 12194 
1 14 12489 12487 9456 2995 7705 7041 12448 3253 12369 7677 12328 5463 12235 8770 
1 8 7695 12308 12332 6358 12422 12467 12487 9456 
1 5 12448 12425 6266 12405 12417 
1 10 127 11175 5285 11119 6065 5268 2171 4521 10946 5526 
1 6 5526 9003 10812 10793 1030 10724 
1 21 7244 12270 12289 12278 8752 325 1460 12325 12315 12310 4899 5583 9045 12383 12396 295 12436 12469 7788 12546 12554 
1 6 12461 12463 12423 3765 12358 12325 
1 7 5721 12583 12553 12520 12483 12462 269 
1 3 269 4447 5583 
1 2 5366 10172 
1 4 74 10109 110 10172 
1 3 74 4024 825 
1 6 825 2545 6876 3792 9008 6583 
1 7 5513 6778 8628 5821 2996 1106 2305 
1 2 6583 774 
1 8 774 9892 7019 6798 645 8328 9792 1106 
1 6 6798 645 8328 9830 478 5513 
1 3 7227 7028 4569 
1 4 7028 9862 9858 478 
1 3 9858 1786 6798 
1 4 9846 7013 1700 9854 
1 5 9879 5636 9896 8475 1791 
1 6 938 8079 8436 9853 2341 9846 
1 3 3879 253 9853 
1 11 2751 7269 8948 1070 10397 1283 10185 4388 9241 2638 354 
1 6 2751 3575 2693 3796 465 11034 
1 10 11034 4989 9278 2988 3008 5030 1443 8154 4835 711 
1 5 4989 4397 1468 4083 11411 
1 3 527 4118 8114 
1 6 8114 3593 415 9361 11605 711 
1 8 11411 1051 5837 462 3770 2859 11877 527 
1 8 8114 5756 3965 983 2749 12047 2968 12148 
1 11 380 11632 11616 11562 8642 433 11439 11426 5874 11348 511 
1 22 511 11290 5306 6412 4224 1078 4804 1312 2895 11285 4544 4677 11255 4889 11125 11075 779 4983 1002 9266 2777 2751 
1 7 1283 3476 5243 7758 4927 5139 329 
1 14 3785 5690 3265 11911 5910 2211 8330 1792 3630 3034 11991 760 11877 527 
1 12 511 11349 2554 5771 6359 4225 1386 11714 1087 2515 7481 3785 
1 12 60 7575 4305 754 8813 1606 837 4742 4066 5288 11956 3785 
1 12 12731 2674 7577 389 2081 5098 443 1876 7685 8487 2472 2263 
1 3 2468 6024 5098 
1 12 12436 3148 2881 1883 12389 12414 12426 12437 1748 12360 5921 1606 
1 6 4513 12062 6654 5852 9332 4928 
1 29 12062 12084 5406 8449 12131 12143 12128 6845 12114 12086 1798 12024 12006 7870 2913 7999 8748 6867 12066 3590 12013 7515 3263 11901 3675 8197 11827 11828 1087 
1 7 3590 3925 12034 12151 2078 1736 4066 
1 8 12066 12094 12132 6666 4838 8793 7763 2881 
1 7 12315 12285 12231 12198 12152 646 12086 
1 4 12278 7358 12185 12143 
1 9 7187 7709 6616 11875 11907 7837 3616 7540 12128 
1 9 12006 3401 5747 5672 4375 11748 5293 11686 380 
1 10 11616 11647 6566 11709 5359 7410 4423 8003 4437 8197 
1 6 7577 5640 136 3744 6027 837 
1 7 6027 12207 4683 6044 8031 11911 5910 
1 7 11991 6444 6747 4572 3670 4426 2472 
1 10 5098 12569 1654 8810 1393 5592 12216 6300 935 1792 
1 7 6027 1212 4752 12338 5742 7372 1393 
1 6 136 3836 1324 2522 5539 1654 
1 6 6044 6991 2547 523 5408 6300 
1 4 2078 8432 782 2515 
1 5 3675 11930 6082 12019 2078 
1 7 12151 6006 8048 12291 9333 12355 12360 
1 6 12338 6508 2420 12124 523 2547 
1 6 8810 5538 109 8132 526 4426 
1 6 6300 7863 12237 125 6663 4572 
1 6 6747 3323 6732 5235 493 8084 
1 11 3323 12326 7985 1189 8440 5013 8705 2835 2418 4086 12353 
1 7 79 9288 46 8995 12379 1425 5013 
1 7 12379 1045 796 522 176 12443 6440 
1 21 4225 3934 153 3830 7 6309 6429 11732 476 1754 1643 8535 4740 7328 6236 2789 3206 625 6766 1938 2859 
1 4 11732 8441 402 11911 
1 4 2211 6458 8890 4740 
1 3 625 6129 3034 
1 4 153 4033 11787 3785 
