state={
	id=102
	name="Central Dalmatia"
	provinces={
		803 1569 1843 2087 2331 2804 3528 3862 3881 4036 4089 4508 4552 4769 5048 5390 5402 6350 6450 6812 6920 7189 7235 7647 7908 8022 8588 8661 9188 12106 12107 12172 12173 12191 12263 12275 12286 12287 12293 12311 12342 12362 12370 12381 12397 12399 12406 12439 12450 12475 
	}
    
    history={
		owner = YCM
		add_core_of = YCM
	}
    
	buildings_max_level_factor=1.000
	local_supplies=0.000
        manpower=164500
        state_category = town
}
