state={
	id=119
	name="Umbria"
	provinces={
		22 113 178 194 976 1179 1685 1806 1822 1882 2927 3137 3208 3509 3598 3798 3840 3909 3989 4047 4798 5195 5298 5766 5861 5992 6277 6285 6413 7240 7296 7413 8461 8590 8631 8924 12097 12188 12226 12271 12321 12341 12432 12449 12458 12618 12675 12678 12747 12788 12829 16886 17086 17087 17089 
	}
    
    history={
		owner = POP
		add_core_of = POP
	}
    
	buildings_max_level_factor=1.000
	local_supplies=0.000
        manpower=1
        state_category = town
}
