state={
	id=134
	name="Gjirokaster"
	provinces={
		17 166 553 766 824 828 1778 2110 2302 2571 3012 3158 3390 3992 4202 5197 5269 5523 5634 5889 6068 6370 6379 6599 6874 6970 6972 7461 7594 7619 7649 7946 7969 8306 8345 8536 8564 8801 9139 9153 9207 9449 13561 13569 13571 13577 13591 13594 13603 13604 13609 13613 13617 13619 13626 13628 13639 13642 13643 13645 13647 13649 13650 13656 13657 13658 13661 13664 13672 13678 
	}
    
    history={
		owner = ABN
		add_core_of = ABN
	}
    
	manpower=0
	buildings_max_level_factor=1.000
	local_supplies=0.000
}
