state={
	id=136
	name="Elbasan"
	provinces={
		308 786 1788 2218 2854 3074 3109 3214 3225 3411 3428 4342 4545 4571 4714 4985 5107 5341 5702 5811 6169 6808 6978 7421 7613 7622 7708 7741 7777 7805 7909 8133 8463 8565 8663 8874 9355 9412 13303 13318 13327 13328 13335 13336 13343 13346 13347 13352 13353 13355 13358 13370 13373 13376 13381 13387 13393 13400 13404 13405 13406 13420 13423 13432 13436 13437 13438 13450 13453 13455 13456 13463 13471 13490 16863 16914 16917 16918 16994 17116 17117 17122 17126 
	}
    
    history={
		owner = MCD
		add_core_of = MCD
	}
    
	manpower=0
	buildings_max_level_factor=1.000
	local_supplies=0.000
}
