state={
	id=139
	name="Korce"
	provinces={
		115 206 267 312 468 492 537 798 1099 1380 1568 1750 2074 2648 3249 3444 3633 3977 4468 4523 4536 4750 4860 5056 5173 5205 5275 5890 5909 5938 6112 6286 6287 6518 6736 7182 7292 7549 7555 7834 8402 8446 8614 8758 8943 9136 13402 13472 13484 13486 13491 13514 13528 13529 13530 13540 13549 13556 13570 13584 13592 13598 13599 13605 13607 13612 13616 13622 13631 13636 13648 13682 16870 16913 16916 16940 16948 16955 17119 17124 17125 17127 17132 
	}
    
    history={
		owner = MCD
		add_core_of = MCD
	}
    
	manpower=0
	buildings_max_level_factor=1.000
	local_supplies=0.000
}
