state={
	id=142
	name="Shkoder"
	provinces={
		1811 1971 2250 3210 3346 4081 4124 4136 4181 4248 4490 4504 4539 4679 4681 4760 5181 5328 5401 5453 5876 6037 6255 6590 6627 6638 6662 6684 6941 6954 6959 7181 7247 7551 7615 8389 8408 8724 8822 8835 8844 8870 9103 9112 9183 9239 9410 9424 9427 12720 12769 12777 12778 12799 12826 12835 12837 12851 12855 12874 12881 12892 12904 12919 12924 12935 12940 12941 12945 12950 12958 12963 12965 12978 12980 12981 12992 12998 12999 13009 13019 13021 13034 13036 13042 13044 13048 13049 13051 13055 13065 13070 13080 13084 16949 16978 17172 
	}
    
    history={
		owner = DEX
		add_core_of = DEX
	}
    
	buildings_max_level_factor=1.000
	local_supplies=0.000
        manpower=167600
        state_category = town
}
