state={
	id=146
	name="South Tyrol"
	provinces={
		120 159 177 368 431 477 484 651 734 865 962 1064 1109 1152 1504 1959 1960 2113 2438 2712 2758 2842 3029 3058 3202 3209 3222 3612 3624 3726 4019 4191 4222 4328 5146 5302 5599 6055 6137 6772 6889 7274 7704 8451 8571 9310 9463 10063 10117 10121 10145 10148 10150 10180 10203 10216 10232 10244 10245 10283 10338 10447 10453 
	}
    
    history={
		owner = TYR
		add_core_of = TYR
	}
    
	buildings_max_level_factor=1.000
	local_supplies=0.000
        manpower=1
        state_category = town
}
