state={
	id=156
	name="Upper Austria"
	provinces={
		58 140 288 413 451 532 586 1006 1220 1226 1442 1634 1726 1871 1972 2132 2190 2566 2652 2770 3131 3144 3278 3524 3672 4076 4481 4580 4746 5032 5442 5550 5582 5650 5673 6476 6502 6685 6786 6969 7232 7255 7586 8023 8108 9161 9475 9760 9769 9775 9781 9782 9785 9795 9808 9817 9824 9828 9837 9852 9861 9870 9871 9884 9920 17038 17039 17161 
	}
    
    history={
		owner = STY
		add_core_of = STY
	}
    
	manpower=0
	buildings_max_level_factor=1.000
	local_supplies=0.000
}
