
state={
	id=160
	name="Graz"
	provinces={
		1209 1545 1589 2199 2260 2517 2966 3330 3583 3645 3652 4428 4515 4708 4874 5226 5579 5622 5816 6175 6191 6299 6344 6637 6990 7317 7486 7523 7564 7640 7700 7714 7738 7993 8755 9121 9318 9991 10017 10019 10028 10040 10041 10046 10055 10056 10066 10068 10069 10079 10090 10091 10096 10104 10110 10128 10132 
	}
    
    history={
		owner = STY
		add_core_of = STY
	}
    
	buildings_max_level_factor=1.000
	local_supplies=0.000
        manpower=1
        state_category = town
}
