state={
	id=164
	name="Skeleton Bohemia"
	provinces={
		6 31 201 223 268 321 338 417 497 503 535 547 637 652 708 748 770 801 817 1014 1034 1048 1137 1218 1219 1300 1418 1451 1455 1487 1499 1647 1814 1899 1920 1996 2116 2210 2421 2537 2616 2627 2641 2862 3007 3033 3300 3338 3425 3517 3807 3823 4012 4040 4137 4150 4168 4204 4210 4283 4311 4329 4378 4391 4540 4592 4718 4909 4915 4996 5062 5169 5217 5312 5506 5557 5575 5798 5898 6127 6341 6343 6414 6552 6582 6951 7126 7222 7312 7524 7638 7724 7765 8038 8182 8411 8860 8966 9094 9295 9478 9479 9480 9481 9504 9507 9512 9524 9525 9541 9543 9558 9568 9583 9589 9590 9596 9606 9608 9615 9620 9627 9633 9635 9639 9651 16868 16899 16936 
	}
    
    history={
		owner = SKE
		add_core_of = SKE
	}
    
	buildings_max_level_factor=1.000
	local_supplies=0.000
        manpower=2786405
        state_category = town
}
