state={
	id=165
	name="Skeleton Moravia"
	provinces={
		16 135 331 349 358 642 655 661 672 838 861 873 874 1277 1421 1515 1597 1644 1724 1842 1844 1932 1947 2043 2134 2276 2286 2385 2496 2521 2558 2596 2649 2708 2880 3143 3412 3547 4088 4106 4247 4433 4622 4661 4765 4783 4826 4986 5262 5292 5296 5336 5343 5349 5467 5490 5511 5580 5943 6199 6248 6417 6454 6629 6651 6871 7145 7150 7154 7266 7291 7774 7897 7947 8194 8545 8741 8805 8968 9228 9482 9483 9502 9508 9528 9535 9538 9559 9565 9570 9595 9600 9601 9621 9628 9629 9631 9641 9657 9677 9681 9687 16980 
	}
	manpower=0
	buildings_max_level_factor=1.000
	local_supplies=0.000
}
