
state={
	id=168
	name="Skopje"
	provinces={
		111 510 844 858 1327 1620 1706 2039 2158 2334 2408 2484 2942 3179 3196 3355 3364 3822 4062 4146 4896 5333 5519 5570 5726 6108 6148 6182 6198 6441 6482 6761 7377 7813 7831 8018 8151 8204 8230 8982 9049 9193 12879 12905 12908 12916 12920 12926 12933 12937 12946 12954 12964 12970 12971 12983 12988 12989 12997 13001 13005 13006 13007 13014 13026 13028 13030 13045 13054 13077 13091 
	}
    history={
		owner = MSM
		add_core_of = MSM
	}
    
	buildings_max_level_factor=1.000
	local_supplies=0.000
        manpower=1
        state_category = town
}
