
state={
	id=169
	name="Bitola"
	provinces={
		212 720 1204 1360 1868 2162 2168 2355 2403 2879 2997 3062 3184 3301 3576 3587 3960 4138 4478 4812 4881 5129 5247 5518 5613 5661 5705 5849 5918 6103 6184 6189 6409 6550 6609 6621 7252 7344 7507 7576 7602 7662 8001 8015 8162 8256 8553 8668 8700 8717 8913 8981 9038 9104 9337 13056 13062 13066 13075 13093 13111 13112 13113 13114 13121 13127 13128 13132 13133 13135 13144 13145 13153 13173 13174 13176 13180 13185 13188 13192 13196 13205 13206 13215 13226 13228 13231 13247 13248 13263 13272 
	}
    
    history={
		owner = MSM
		add_core_of = MSM
	}
    
	buildings_max_level_factor=1.000
	local_supplies=0.000
        manpower=1
        state_category = town
}
