state={
	id=175
	name="Kotar"
	provinces={
		330 1055 2299 2357 3084 3385 3442 3562 3875 4151 4324 4482 4533 5692 5800 6012 6087 6096 6544 6575 6939 7088 7131 7537 7628 7686 7826 7842 8007 8220 8578 8939 8972 8994 9000 9053 9328 9421 9453 10773 10786 10845 10857 10865 10866 10886 10891 10908 10915 10921 10947 10957 10960 10982 10998 11012 11023 11053 11062 11071 11087 
	}
    
    history={
		owner = DAL
		add_core_of = DAL
	}
    
	manpower=0
	buildings_max_level_factor=1.000
	local_supplies=0.000
}
