
state={
	id=176
	name="Zagreb"
	provinces={
		24 519 1035 1052 1230 1511 3028 3329 3405 4015 4415 4458 4583 4735 5038 5317 5355 5443 5548 5628 5630 6032 6079 6086 6208 6332 6905 7081 7180 7275 7295 7433 7616 7723 7770 7879 7905 7911 7977 8123 8160 8371 8753 8827 8866 8923 9170 9371 9386 9469 10292 10293 10316 10339 10344 10367 10368 10372 10392 10395 10400 10407 10423 10437 10445 10469 10480 10488 10497 10510 10515 10528 10531 10532 10559 10593 10609 10620 10621 10635 10639 10643 10647 10651 10659 10672 10683 10704 10711 10712 10718 10719 10726 10736 
	}
	manpower=0
	buildings_max_level_factor=1.000
	local_supplies=0.000
}
