
state={
	id=201
	name="Zadar"
	provinces={
		508 1846 2023 2170 2213 2493 3177 3200 3258 3637 3741 3999 4205 4570 5215 5230 5601 6066 6115 6302 6394 6667 7431 7510 7673 7750 7930 8251 8554 8657 8809 8867 9025 9231 9377 11606 11640 11687 11692 11698 11721 11742 11743 11746 11766 11788 11796 11803 11825 11845 11853 11872 11881 16988 17168 
	}
    
    history={
		owner = DAL
		add_core_of = DAL
	}
    
	buildings_max_level_factor=1.000
	local_supplies=0.000
        manpower=1
        state_category = town
}
