state={
	id=202
	name="Southeast Slovenia"
	provinces={
		854 898 1656 2151 2206 3229 3297 3332 3344 4502 4514 5121 5459 5703 5781 5788 6036 6213 6310 6335 6378 6383 6405 6545 7022 7430 7487 7498 8035 8539 8992 9141 9283 9388 9399 9466 10352 10357 10378 10387 10410 10468 10483 10508 10509 10522 10527 10536 10544 10567 10570 10575 10576 10595 10608 10619 10625 10633 10650 10658 10671 10693 10722 10739 10755 10771 
	}
    
    history={
		owner = SVN
		add_core_of = SVN
	}
    
	manpower=0
	buildings_max_level_factor=1.000
	local_supplies=0.000
}
