
state={
	id=208
	name="North Montenegro"
	provinces={
		144 257 810 1021 1737 1937 2906 2993 2995 3325 3360 3515 3550 3887 4097 4135 4299 4333 4476 4500 5147 5367 5473 5566 5615 5988 6146 6291 6361 6506 7100 7102 7211 7245 7361 7601 7603 7705 7781 8088 8223 8333 8392 8497 8630 8635 8676 8998 9396 9456 12467 12472 12478 12486 12487 12489 12506 12515 12519 12530 12531 12535 12547 12555 12560 12578 12585 12600 12601 12606 12607 12624 12627 12632 12640 12641 12644 12648 12652 12659 12674 12682 12684 12687 12696 12722 12734 12756 
	}
	manpower=0
	buildings_max_level_factor=1.000
	local_supplies=0.000
}
