state={
	id=209
	name="Eastern Herzegovina"
	provinces={
		101 542 1605 1927 2152 2495 2590 2618 2715 3548 3638 3983 4032 4101 4200 4407 4475 4503 4575 4821 5101 5877 6194 6443 6510 6529 6792 6938 6996 7004 7190 7258 7656 8063 8285 8740 8761 8768 8773 8915 8932 8935 9324 12400 12411 12416 12447 12455 12468 12479 12484 12497 12504 12509 12537 12538 12545 12552 12559 12561 12573 12577 12594 12605 12615 12633 12645 12658 12676 12697 12703 12719 12729 12738 12751 12771 12791 12813 16915 
	}
    
    history={
		owner = YCM
		add_core_of = YCM
	}
    
	buildings_max_level_factor=1.000
	local_supplies=0.000
        manpower=61400
        state_category = town
}
