
state={
	id=210
	name="Skeleton Slovakia"
	provinces={
		62 64 106 148 149 160 162 197 202 261 270 277 318 363 441 447 464 576 585 596 598 688 744 836 872 876 894 911 916 920 940 957 992 995 996 1011 1026 1038 1077 1083 1090 1108 1134 1141 1205 1232 1261 1269 1355 1363 1381 1390 1403 1444 1467 1479 1576 1584 1587 1607 1660 1666 1689 1779 1812 1873 1924 1928 1979 1983 2001 2024 2035 2045 2084 2094 2142 2149 2177 2179 2184 2195 2205 2241 2278 2312 2350 2360 2365 2391 2399 2442 2509 2516 2593 2656 2699 2747 2930 3010 3088 3175 3205 3213 3273 3276 3289 3374 3391 3447 3449 3455 3560 3570 3579 3599 3625 3629 3683 3689 3738 3760 3763 3784 3928 3985 3986 3987 4011 4128 4196 4206 4232 4260 4344 4446 4518 4566 4579 4689 4699 4799 4859 4870 4879 4887 4912 4934 4961 4971 4975 4978 5080 5198 5210 5327 5374 5387 5503 5512 5520 5529 5562 5589 5753 5765 5919 6017 6062 6126 6161 6217 6251 6485 6512 6564 6573 6574 6577 6586 6664 6690 6759 6760 6846 7146 7157 7254 7268 7315 7451 7456 7521 7664 7666 7675 7679 7754 8034 8163 8165 8184 8234 8237 8496 8511 8528 8531 8647 8667 8681 8760 8934 8983 9044 9054 9058 9097 9133 9180 9195 9445 9451 9484 9485 9486 9487 9488 9489 9490 9497 9499 9505 9506 9510 9516 9517 9518 9527 9529 9533 9534 9536 9537 9540 9542 9544 9547 9548 9549 9550 9554 9561 9567 9571 9574 9578 9579 9581 9585 9586 9591 9593 9602 9607 9609 9618 9630 9640 9642 9647 9652 9653 9659 9661 9662 9663 9664 9665 9670 9673 9674 9679 9682 9685 9688 9692 9703 9711 16975 17000 17022 17159 
	}
    
    history={
		owner = SKE
		add_core_of = SKE
	}
    
	manpower=0
	buildings_max_level_factor=1.000
	local_supplies=0.000
}
