state={
	id=223
	name="STATE_223"
	provinces={
		26 44 73 92 154 186 220 236 271 282 286 306 307 343 344 398 409 422 444 533 541 616 619 647 671 686 697 705 727 736 737 771 868 985 1036 1040 1168 1175 1222 1224 1240 1242 1291 1296 1299 1302 1303 1311 1322 1347 1370 1372 1383 1396 1414 1435 1502 1557 1572 1670 1699 1749 1770 1835 1841 1878 1892 1912 1929 1933 2061 2154 2187 2189 2281 2308 2322 2344 2352 2390 2393 2419 2425 2432 2436 2437 2444 2457 2459 2476 2505 2539 2543 2544 2570 2579 2602 2658 2660 2684 2696 2716 2726 2761 2762 2764 2766 2785 2796 2808 2816 2821 2856 2902 2907 2946 2971 2992 3003 3042 3052 3060 3152 3169 3183 3193 3235 3267 3309 3316 3349 3382 3389 3408 3439 3451 3494 3499 3502 3520 3546 3571 3751 3756 3774 3790 3826 3844 3849 3869 3931 3971 4069 4117 4172 4208 4217 4238 4257 4262 4264 4367 4531 4602 4626 4640 4642 4649 4657 4659 4694 4792 4828 4850 4882 4908 4931 4966 5094 5105 5204 5257 5267 5286 5396 5444 5475 5493 5528 5535 5568 5581 5744 5774 5794 5826 5856 5860 5935 5952 5954 5975 6101 6111 6172 6192 6268 6397 6464 6475 6480 6491 6500 6516 6591 6653 6715 6749 6801 6907 7115 7162 7174 7195 7237 7277 7380 7444 7561 7681 7701 7719 7822 7836 7850 7867 7935 7958 7989 8025 8066 8083 8096 8130 8159 8242 8304 8344 8467 8474 8529 8592 8662 8792 8825 8833 8878 9032 9061 9129 9148 9184 9205 9216 9331 9385 9400 9404 9422 9428 9429 9430 9491 9492 9493 9494 9498 9503 9514 9519 9520 9522 9531 9532 9545 9546 9551 9562 9563 9566 9576 9580 9584 9587 9592 9594 9597 9599 9603 9610 9612 9616 9617 9622 9623 9624 9625 9643 9644 9645 9648 9649 9667 9675 9676 9684 9686 9694 9702 9710 9716 9719 9724 9726 9727 9745 9754 9763 9766 9787 9789 9819 9823 9863 9881 16880 16938 16981 17019 17023 17028 17030 17031 
	}
	manpower=0
	buildings_max_level_factor=1.000
	local_supplies=0.000
}
