
state={
	id=224
	name="Wastelands of Ukraine"
	provinces={
		2 9 11 27 63 71 94 119 130 163 170 179 185 215 216 255 262 273 280 281 285 313 317 327 372 378 381 386 388 396 397 421 466 475 479 504 509 517 545 564 579 581 599 603 629 660 669 675 677 707 710 738 840 855 866 871 880 934 965 977 988 1031 1042 1057 1082 1102 1111 1116 1124 1139 1146 1156 1158 1177 1186 1197 1210 1228 1246 1268 1275 1284 1293 1306 1307 1325 1335 1358 1359 1371 1448 1450 1462 1494 1527 1536 1567 1570 1591 1594 1595 1598 1659 1673 1686 1695 1712 1741 1753 1757 1764 1769 1780 1782 1823 1828 1829 1852 1860 1865 1877 1941 1963 2016 2030 2044 2076 2082 2085 2121 2130 2135 2172 2186 2212 2230 2246 2247 2251 2264 2273 2294 2300 2327 2343 2349 2364 2370 2409 2417 2489 2561 2575 2581 2603 2611 2615 2619 2643 2644 2675 2688 2704 2713 2744 2779 2824 2833 2866 2872 2898 2900 2948 2955 2969 3000 3023 3025 3046 3066 3070 3087 3092 3119 3135 3187 3190 3199 3233 3244 3255 3262 3277 3315 3331 3352 3395 3397 3403 3407 3424 3435 3443 3468 3470 3484 3527 3530 3534 3544 3545 3627 3664 3682 3688 3706 3720 3728 3777 3818 3824 3835 3854 3885 3889 3896 3908 3968 4017 4026 4027 4041 4058 4067 4111 4161 4167 4213 4226 4228 4231 4243 4268 4281 4302 4349 4390 4394 4400 4409 4411 4412 4413 4418 4420 4435 4438 4473 4483 4529 4565 4574 4588 4595 4597 4603 4627 4637 4641 4647 4664 4709 4766 4773 4816 4820 4856 4862 4898 4921 4925 4977 4992 4997 5028 5029 5031 5061 5067 5074 5086 5132 5228 5236 5250 5253 5260 5277 5295 5311 5379 5381 5405 5413 5426 5429 5446 5465 5487 5517 5524 5525 5551 5560 5606 5607 5612 5683 5696 5787 5829 5851 5925 5953 5994 6021 6026 6029 6045 6134 6196 6212 6258 6260 6273 6303 6306 6314 6381 6389 6391 6411 6445 6453 6455 6507 6531 6532 6543 6562 6610 6612 6615 6634 6642 6648 6679 6701 6708 6722 6738 6741 6744 6797 6802 6825 6869 6895 6997 7056 7076 7101 7250 7257 7299 7316 7333 7339 7386 7417 7439 7611 7651 7672 7702 7713 7730 7786 7821 7851 7878 7891 7902 7928 7933 7937 7961 7963 7967 8008 8024 8097 8135 8147 8157 8209 8254 8280 8292 8293 8350 8391 8427 8444 8448 8455 8476 8486 8499 8500 8519 8540 8598 8679 8685 8686 8693 8712 8726 8778 8803 8928 8936 8941 8944 8962 9006 9100 9176 9209 9213 9246 9265 9273 9304 9369 9376 9394 9397 9401 9415 9495 9496 9500 9509 9513 9515 9530 9555 9556 9569 9573 9575 9577 9604 9605 9611 9634 9638 9650 9656 9660 9666 9669 9671 9690 9700 9705 9708 9717 9721 9737 9742 9743 9764 9767 9771 9777 9780 9783 9793 9800 9807 9825 9831 9843 9847 9850 9859 9873 9878 9888 9889 9911 9913 9914 9923 9924 9925 9928 9933 9934 9939 9950 9959 9960 9969 9973 9980 9983 9987 9998 10001 10003 10009 10018 10034 10051 10054 10061 10095 10098 16867 16881 16888 16892 16902 16907 16919 16929 16933 16960 16965 16967 16974 16976 16991 17010 17041 17042 17044 17045 17046 17052 17053 17160 17162 
	}
	manpower=0
	buildings_max_level_factor=1.000
	local_supplies=0.000
}
