
state={
	id=235
	name="Bregalnica"
	provinces={
		158 174 316 518 572 611 639 877 1153 1519 1565 1616 1775 1898 2025 2123 2606 2910 3538 3708 3742 3853 3937 3974 4046 4110 4119 4278 4382 4462 4470 4568 4600 4808 4815 4876 4883 4895 5083 5097 5128 5266 5294 5301 5466 5784 5902 6140 6244 6347 6748 6773 6824 6937 6948 7014 7078 7105 7121 7297 7387 7976 7981 8032 8052 8089 8246 8417 8452 8581 8597 8622 8727 8840 8884 8889 8916 8933 9018 9143 9147 9151 9342 9345 9364 9431 12850 12864 12893 12899 12917 12918 12927 12934 12938 12948 12951 12961 12966 12967 12974 12976 12984 12986 12990 13000 13002 13003 13004 13012 13017 13020 13022 13024 13032 13037 13038 13039 13050 13053 13057 13058 13059 13063 13071 13072 13078 13081 13082 13083 13088 13094 13098 13099 13102 13103 13106 13117 13122 13123 13124 13129 13139 13141 13146 13152 13154 13166 13172 13175 13177 13181 13197 13199 13207 13235 
	}
    
    history={
		owner = MSM
		add_core_of = MSM
	}
    
	buildings_max_level_factor=1.000
	local_supplies=0.000
        manpower=176800
        state_category = town
}
