
state={
	id=236
	name="Pristina"
	provinces={
		1093 1944 1953 2407 2741 3963 4789 5929 6048 6088 6136 6144 6243 6468 6470 6511 6726 6739 6799 6911 7091 7289 7596 7840 8046 8233 8532 8757 8855 12490 12517 12523 12534 12541 12563 12566 12576 12579 12590 12595 12613 12621 12625 12643 12654 12655 12683 12698 12706 12714 12715 12716 12740 12744 12762 12765 12766 12775 12793 12824 12841 12842 12875 
	}
    
    history={
		owner = MSK
		add_core_of = MSK
	}
    
	buildings_max_level_factor=1.000
	local_supplies=0.000
        manpower=1
        state_category = town
}
