state={
	id=237
	name="Gjakova"
	provinces={
		43 151 272 614 768 1564 1707 1935 2072 2111 2271 2346 2371 2375 2650 2839 2914 3766 4148 4456 4979 5004 5111 5118 5123 5221 5499 5687 5867 6202 6515 6563 6816 7037 7139 7193 7285 7464 7668 7818 7882 8004 8207 8311 8460 8470 8522 8771 8869 9091 9092 9119 9357 12565 12581 12589 12593 12642 12653 12660 12662 12668 12686 12692 12709 12713 12728 12735 12743 12748 12761 12763 12779 12784 12804 12808 12849 12880 12884 12891 12898 12906 12925 12936 12942 12956 12995 13023 
	}
    
    history={
		owner = MSK
		add_core_of = MSK
	}
    
	buildings_max_level_factor=1.000
	local_supplies=0.000
        manpower=1
        state_category = town
}
