state={
	id=238
	name="Strumica"
	provinces={
		956 1962 2004 2198 2450 2511 2691 2753 3018 3081 3912 4171 4425 4938 5344 5363 5457 5541 5728 5891 6095 6233 6298 6331 6504 6618 6633 6676 6782 7173 7345 7355 7364 7590 7810 7881 8128 8138 8573 8629 8654 8872 8960 9080 9210 13064 13148 13150 13155 13160 13165 13186 13193 13194 13201 13209 13213 13219 13238 13245 13250 13256 13257 13260 13264 13265 13289 13305 13314 13324 13330 13349 16889 
	}
    
    history={
		owner = MSM
		add_core_of = MSM
	}
    
	buildings_max_level_factor=1.000
	local_supplies=0.000
        manpower=67800
        state_category = town
}
