
state={
	id=244
	name="STATE_244"
	provinces={
		269 295 973 1066 1126 1411 1466 1518 1883 1901 2117 2881 3005 3148 3434 3710 4163 4359 4447 4522 4872 4899 5066 5115 5376 5478 5488 5533 5583 5621 5700 5833 5964 6128 6416 6449 6461 6548 6559 6602 6635 6762 6774 6855 7061 7242 7763 7788 7807 7874 7894 7934 7953 7959 8009 8343 8398 8406 8413 8626 8730 8808 8848 9045 9201 9238 12298 12310 12316 12329 12344 12351 12366 12376 12383 12389 12392 12396 12408 12412 12414 12426 12431 12433 12436 12441 12445 12460 12462 12464 12465 12469 12470 12473 12480 12483 12485 12491 12500 12505 12510 12512 12520 12525 12527 12529 12546 12550 12553 12554 12558 12564 12567 12568 12574 12582 12583 12586 12602 12608 12609 
	}
	manpower=0
	buildings_max_level_factor=1.000
	local_supplies=0.000
}
