
state={
	id=246
	name="Eastern Kosovo"
	provinces={
		335 461 845 1118 1200 1446 1790 1813 2413 2837 3024 3098 3396 3765 3890 4355 4525 4526 4995 5119 5567 5857 5880 6756 6827 6925 7089 7113 7319 7459 7543 7676 7697 7736 7756 8164 8271 8678 8807 8820 8841 8898 9236 9392 12423 12424 12452 12461 12463 12495 12518 12524 12539 12548 12549 12570 12572 12580 12591 12635 12638 12646 12663 12673 12679 12688 12694 12721 12724 12741 12780 12792 12794 12798 12803 12823 12832 12846 12860 12870 12872 12885 12889 12907 12953 
	}
    
    history={
		owner = MSK
		add_core_of = MSK
	}
    
	buildings_max_level_factor=1.000
	local_supplies=0.000
        manpower=1
        state_category = town
}
