state={
	id=247
	name="Vranje"
	provinces={
		740 1004 1266 1528 1580 2765 3015 3303 3535 3540 3768 3793 4291 4716 5071 5075 5246 5252 5586 5717 5721 5931 6700 6860 7273 7634 7966 8186 8210 8259 8313 8335 8734 8743 8814 8940 9311 9366 12603 12616 12649 12650 12664 12669 12670 12689 12695 12699 12700 12707 12708 12717 12725 12742 12753 12754 12774 12785 12786 12790 12796 12797 12809 12811 12819 12820 12827 12838 12843 12844 12853 12854 12861 12871 12890 
	}
    
    history={
		owner = MSS
		add_core_of = MSS
	}
    
	manpower=0
	buildings_max_level_factor=1.000
	local_supplies=0.000
}
