
state={
	id=248
	name="Southern Bessarabia"
	provinces={
		69 1020 1129 1162 1236 1419 1433 1553 1615 1681 1908 2017 2224 2248 2542 2584 2773 2924 3061 3153 3285 3565 3715 4216 4237 4350 4361 4370 4542 4779 4784 4851 4866 5106 5365 5619 5699 5708 5838 5980 6061 6235 6375 6705 6844 6924 7341 7610 7703 7915 9189 10144 10159 10187 10223 10231 10257 10295 10326 10327 10332 10356 10406 10409 10430 10464 10465 10496 10525 10535 10547 10574 10598 16912 16927 16968 16987 16989 17005 17016 17059 17061 17062 17063 17064 17067 
	}
	manpower=0
	buildings_max_level_factor=1.000
	local_supplies=0.000
}
