state={
	id=255
	name="Moldova"
	provinces={
		32 86 93 95 118 276 460 473 578 882 1015 1119 1160 1237 1351 1357 1541 1716 2086 2104 2148 2386 2998 3036 3063 3288 3291 3299 3400 3489 3567 3618 3641 3643 3687 4125 4732 5040 5053 5258 5338 5399 5424 6177 7058 7249 7362 7436 8574 8742 8756 9048 9122 9423 9880 9887 9938 9976 9988 9995 10000 10016 10032 10086 10106 17163 
	}
    
    history={
		owner = DMH
		add_core_of = DMH
	}
    
	buildings_max_level_factor=1.000
	local_supplies=0.000
        manpower=1
        state_category = town
}
