state={
	id=260
	name="Borski"
	provinces={
		380 433 888 1315 2274 2639 2897 3031 3457 3564 3921 4059 4121 4284 4375 4423 4453 4463 4648 4719 4840 4900 5037 5164 5183 5207 5293 5359 5662 5672 5789 5893 6142 6566 7031 7313 7389 7410 7534 7626 7737 7753 7792 7816 7827 7922 8117 8284 8465 8595 8642 8959 8965 8990 9064 9068 9146 9174 9198 9259 9325 9367 9380 11358 11405 11426 11439 11456 11465 11511 11525 11526 11532 11558 11562 11565 11571 11595 11607 11615 11616 11632 11647 11653 11659 11679 11686 11688 11695 11696 11702 11709 11719 11728 11748 11751 11761 11765 11777 11778 11793 11799 11814 11815 11816 11837 11840 11847 11852 11858 11861 11863 11891 11893 11906 11933 11936 11943 11972 11998 
	}
	manpower=0
	buildings_max_level_factor=1.000
	local_supplies=0.000
}
