
state={
	id=265
	name="Sarajevo"
	provinces={
		87 293 449 729 926 1084 1183 1796 2026 2410 2746 2831 3083 3313 3510 3635 3856 4293 4696 4962 5058 5637 5675 6081 6166 6214 6276 6364 6392 6463 6888 6947 7016 7053 7108 7159 7185 7533 7682 7711 7895 7964 8327 8555 8722 8786 8821 8921 9144 9321 9432 11750 11790 11791 11832 11851 11886 11892 11910 11914 11920 11929 11932 11937 11955 11966 11968 11974 11980 11988 11992 11993 12009 12018 12030 12035 12038 12049 12054 12059 12061 12071 12080 12101 12109 12135 12137 12140 
	}
    
    history={
		owner = YCM
		add_core_of = YCM
	}
    
	manpower=0
	buildings_max_level_factor=1.000
	local_supplies=0.000
}
