
state={
	id=266
	name="Banja Luka"
	provinces={
		117 403 550 610 849 948 1471 1915 2040 2485 2673 3045 3093 3203 3419 3511 3693 4316 4650 4990 5131 5455 5482 5598 5645 5738 6426 6702 6828 6885 6960 7030 7214 7230 7687 7931 8101 8110 8177 8248 8272 8281 8387 8498 8556 8648 8706 8798 8816 8908 8952 9050 9162 9164 9262 9281 9437 10990 11027 11029 11040 11041 11059 11064 11069 11072 11083 11090 11091 11111 11114 11122 11123 11126 11145 11149 11165 11166 11174 11185 11197 11205 11222 11223 11227 11231 11236 11239 11244 11260 11275 11287 11291 11300 11328 11336 11337 11362 11365 11392 11398 11399 11434 11499 
	}
    
    history={
		owner = YCM
		add_core_of = YCM
	}
    
	buildings_max_level_factor=1.000
	local_supplies=0.000
        manpower=164400
        state_category = town
}
