
state={
	id=267
	name="Tuzla"
	provinces={
		634 1956 2176 2470 2478 3001 3145 3248 3359 4144 4201 4310 4667 4964 5167 5220 5223 5713 6031 6099 6340 6390 6432 6452 6733 7972 8090 8395 8414 8699 8720 8818 8885 8912 9015 9407 9474 11208 11240 11278 11294 11314 11316 11330 11361 11372 11375 11402 11412 11413 11421 11430 11441 11442 11445 11466 11481 11487 11495 11507 11513 11530 11531 11541 11569 11578 11581 11613 11630 11642 11674 11675 11711 
	}
    
    history={
		owner = FMC
		add_core_of = FMC
	}
    
	manpower=0
	buildings_max_level_factor=1.000
	local_supplies=0.000
}
