
state={
	id=268
	name="Una-Sana"
	provinces={
		84 124 142 385 587 787 980 1060 1147 1286 1509 1789 1884 2041 2314 2629 2681 2703 3032 3270 3388 3423 3433 3860 3982 4064 4294 4366 4628 4731 4787 4858 4956 4993 5005 5124 5316 5358 5371 5605 5664 5862 6089 6157 6289 6437 6498 6595 6794 6850 6909 6926 7023 7085 7109 7135 7261 7349 7427 7458 7553 7559 7572 7618 7680 7936 8099 8195 8205 8334 8490 8517 8930 9254 9258 9293 11039 11076 11089 11121 11160 11182 11196 11204 11221 11238 11247 11253 11254 11257 11259 11266 11268 11283 11302 11303 11310 11321 11324 11344 11345 11359 11366 11384 11396 11418 11432 11433 11468 11469 11480 11486 11488 11489 11545 11551 11587 11627 
	}
	manpower=0
	buildings_max_level_factor=1.000
	local_supplies=0.000
}
