state={
	id=269
	name="Central Bosnia"
	provinces={
		548 588 665 944 1573 1729 1914 2128 2280 2379 2464 2622 2783 2787 3126 3132 3343 3365 3542 3586 3588 3606 3608 4039 4684 4751 4819 4968 5362 5735 5924 5983 5996 6238 6241 6264 6402 6942 7012 7055 7075 7169 7218 7528 7620 7767 7841 8056 8156 8199 8218 8249 8542 8746 8782 8823 8824 9276 11984 12015 12027 12037 12053 12067 12091 12108 12125 12126 12141 12150 12158 12174 12175 12200 12208 12214 12215 12230 12233 12234 12241 12242 12250 12255 12266 12267 12276 12277 12283 12299 12300 12301 12302 12304 12313 12322 12334 12339 12345 12356 12363 12364 12384 12385 
	}
    
    history={
		owner = YCM
		add_core_of = YCM
	}
    
	manpower=0
	buildings_max_level_factor=1.000
	local_supplies=0.000
}
