state={
	id=270
	name="STATE_270"
	provinces={
		25 34 157 778 879 924 1025 1456 1773 1799 1819 1885 2400 2466 2500 2743 2822 2825 2904 3257 3372 3555 3574 3585 3655 3803 3888 3916 4301 4434 4688 4794 4807 4817 4857 5003 5159 5162 5190 5425 5555 5647 5649 5944 6107 6113 6571 6594 6622 6683 6745 6886 6936 6982 7039 7132 7167 7188 7263 7283 7407 7408 7476 7484 7508 7529 7530 7544 7670 7733 7880 7890 7986 8140 8200 8260 8321 8508 8521 8527 8618 8684 8854 8993 8997 9029 9078 9132 9166 9206 9467 11577 11596 11599 11610 11618 11628 11641 11655 11670 11693 11694 11715 11722 11729 11744 11767 11768 11772 11784 11801 11829 11830 11848 11865 11884 11885 11890 11896 11898 11903 11909 11924 11927 11950 11958 11962 11963 11976 11977 11987 11997 12002 12003 12014 12017 12048 12064 12073 12074 12078 12079 12090 12099 12111 12112 12113 12134 12149 12153 12162 12168 12179 12184 12192 12197 12232 12254 12260 12265 12295 16920 17082 17083 
	}
	manpower=0
	buildings_max_level_factor=1.000
	local_supplies=0.000
}
