state={
	id=271
	name="Zenica"
	provinces={
		435 555 607 913 927 1113 1273 1375 1575 2531 2982 2983 3021 3351 3477 3602 3614 3654 3724 3846 3903 4003 4155 4234 4864 4918 5023 5203 5209 5290 5305 5368 5373 6122 6215 6585 6696 6835 6841 6993 7149 7383 7411 7477 7547 7624 7688 7698 7838 7924 8053 8302 8596 8723 8858 8871 9226 9334 9359 9426 11584 11629 11651 11672 11673 11717 11724 11725 11737 11745 11747 11762 11763 11770 11773 11780 11785 11802 11804 11805 11813 11820 11824 11826 11835 11838 11839 11846 11850 11854 11866 11867 11869 11878 11882 11912 11913 11928 11945 
	}
	manpower=0
	buildings_max_level_factor=1.000
	local_supplies=0.000
}
