state={
	id=272
	name="Zajecarski"
	provinces={
		315 646 676 818 912 1308 1337 1453 1798 2136 2534 2540 2768 2912 2913 3011 3102 3401 3437 3483 4065 4838 4853 4905 4965 5027 5360 5747 5770 6315 6398 6487 6587 6666 6670 6867 6943 6979 7550 7571 7717 7870 7876 7956 7999 8043 8222 8287 8348 8480 8524 8577 8616 8703 8744 8748 8793 8881 9005 9169 9194 11953 11964 11983 11986 11990 12005 12006 12007 12011 12023 12024 12029 12041 12052 12057 12063 12066 12075 12086 12087 12088 12093 12094 12105 12114 12115 12123 12132 12147 12152 12155 12164 12171 12177 12178 12180 12190 12195 12198 12199 12212 12225 12231 12239 12251 12257 12264 12268 12274 12285 12294 12307 12315 12325 12340 12358 
	}
    
    history={
		owner = MSS
		add_core_of = MSS
	}
    
	manpower=0
	buildings_max_level_factor=1.000
	local_supplies=0.000
}
