
state={
	id=274
	name="Vrbas"
	provinces={
		21 100 112 265 383 566 777 900 917 1184 1400 1588 1611 1680 1703 1859 2032 2089 2126 2348 2448 2474 2572 2642 2728 2745 2936 3178 3373 3636 3781 3795 4018 4094 4632 4633 4797 4917 5170 5407 5462 5491 5709 5714 5741 5859 5912 6053 6154 6173 6240 6259 6274 6372 6462 6501 6644 6668 6752 6764 6923 6992 7018 7082 7125 7144 7246 7262 7290 7336 7445 7585 7913 7932 7948 8016 8028 8061 8071 8202 8326 8362 8403 8434 8471 8624 8639 9027 9052 9066 9069 9159 9187 9202 9224 9272 11094 11115 11153 11167 11168 11172 11178 11186 11195 11212 11217 11224 11248 11250 11267 11269 11313 11325 11326 11329 11338 11360 11371 11385 11389 11393 11401 11406 11435 11436 11458 11462 11474 11490 11491 11492 11505 11506 11509 11516 11518 11519 11529 11533 11537 11543 11546 11547 11552 11553 11554 11559 11568 11580 11593 11594 11603 11622 11625 11634 11656 11662 11666 11671 11699 11701 11710 11716 11718 11730 11736 11749 11754 11769 11781 11797 11812 11831 11862 
	}
    
    history={
		owner = YCM
		add_core_of = YCM
	}
    
	buildings_max_level_factor=1.000
	local_supplies=0.000
        manpower=31400
        state_category = town
}
