
state={
	id=276
	name="Western Syrmia"
	provinces={
		204 243 991 1709 1913 2083 2810 3163 3228 3246 3554 3568 3603 3609 3703 4354 4537 4560 4849 4868 4998 5380 5400 5440 5516 5609 5698 6319 6322 6404 6415 6442 6630 7130 7398 7609 7643 7825 8080 8093 8137 8290 8300 8546 8674 8692 8731 8737 8795 8920 9130 9286 9326 9395 10833 10834 10842 10852 10911 10918 10970 10978 10991 11002 11018 11028 11033 11042 11052 11065 11073 11103 11106 11140 11150 11152 11154 11191 11200 11225 11228 11258 11279 11295 
	}
    
    history={
		owner = YCM
		add_core_of = YCM
		add_core_of = CRT
	}
    
	buildings_max_level_factor=1.000
	local_supplies=0.000
        manpower=227600
        state_category = town
}
