state={
	id=277
	name="STATE_277"
	provinces={
		481 486 571 793 853 1127 1305 1759 2262 3149 3731 3734 4300 4365 4494 4711 4845 4942 5137 5175 5657 6091 6155 6197 6269 6301 6401 6489 6945 7172 7178 7281 7301 7391 7716 7797 7855 7973 7987 8062 8166 8226 8431 8551 8583 8586 8877 9252 9411 10130 10139 10140 10141 10146 10157 10161 10162 10164 10165 10166 10167 10169 10173 10176 10177 10191 10193 10196 10197 10207 10209 10210 10211 10212 10213 10220 10229 10230 10234 10240 10252 10254 10256 10264 10269 10272 10274 10282 10284 10302 10309 10324 10346 
	}
	manpower=0
	buildings_max_level_factor=1.000
	local_supplies=0.000
}
