state={
	id=298
	name="Bacs"
	provinces={
		229 408 663 1100 1385 2491 2556 3211 3469 3582 3626 3653 4417 4778 4865 4911 5172 5345 5509 5680 6002 6290 7052 7092 7480 7830 8027 8245 8416 8462 8484 8485 8544 8550 9448 10151 10204 10237 10266 10275 10279 10280 10310 10319 10325 10341 10349 10361 10374 10382 10383 10393 10396 10401 10404 10433 10442 10457 10463 10474 10493 10520 10529 10541 
	}
    
    history={
		owner = MRB
		add_core_of = MRB
	}
    
	buildings_max_level_factor=1.000
	local_supplies=0.000
        manpower=1
        state_category = town
}
