state={
	id=302
	name="Backi"
	provinces={
		370 726 769 2200 2209 2304 2574 2941 3115 3317 4104 4336 4498 4982 5090 5100 5754 5970 6141 6179 6553 6910 6933 7024 7392 7539 7552 7725 7727 7787 8017 8175 8351 8352 8611 8656 8927 8974 9150 9301 10564 10571 10572 10580 10613 10637 10653 10665 10667 10697 10706 10720 10723 10740 10745 10746 10748 10762 10770 10781 10790 10801 10816 10817 10846 10847 10870 10875 10885 10914 10945 10952 10954 10979 10980 10985 11019 
	}
    
    history={
		owner = FMC
		add_core_of = FMC
	}
    
	buildings_max_level_factor=1.000
	local_supplies=0.000
        manpower=1
        state_category = town
}
