state={
	id=304
	name="Slavonia"
	provinces={
		134 725 907 1336 1590 1722 2290 2620 2964 3342 3525 3713 3815 4077 4182 4218 4245 4594 4606 4645 4867 5163 5600 5701 5719 5790 5901 5922 5939 5982 6185 6234 6297 6428 6517 6659 6669 6695 7044 7123 7141 7350 7375 7400 7429 7512 7587 7593 7718 7800 7952 8026 8091 8253 8397 8492 8504 8561 8696 8766 8876 8955 9037 9062 9462 10307 10321 10359 10360 10369 10373 10390 10411 10418 10420 10440 10450 10460 10472 10478 10481 10489 10501 10505 10511 10533 10534 10537 10548 10555 10556 10558 10562 10579 10582 10587 10596 10603 10617 10622 10634 10644 10664 10669 10673 10679 10694 10729 10743 10752 10789 
	}
    
    history={
		owner = CRT
		add_core_of = CRT
	}
    
	buildings_max_level_factor=1.000
	local_supplies=0.000
        manpower=458600
        state_category = town
}
