
state={
	id=305
	name="Bijeljina"
	provinces={
		1013 1231 1990 2201 2402 2530 3914 4002 4528 4790 5009 5534 5616 5733 5974 6010 6104 6356 6613 6771 6859 7589 7844 7854 7903 8014 8155 8191 8241 8633 8677 8989 9039 9306 11261 11284 11288 11292 11340 11346 11354 11376 11377 11386 11414 11415 11419 11420 11448 11459 11475 11482 11483 11497 11502 11520 11521 11548 11557 11575 11585 11600 11601 11676 11677 11684 11707 11731 
	}
    
    history={
		owner = YCM
		add_core_of = YCM
		add_core_of = CRT
	}
    
	buildings_max_level_factor=1.000
	local_supplies=0.000
        manpower=124500
        state_category = town
}
