
state={
	id=306
	name="Brod"
	provinces={
		203 953 1081 1149 1229 1318 1379 1463 1559 1582 1637 1730 1948 1984 2064 2275 2363 2428 2555 2592 2852 2940 3281 3369 3458 3748 3811 3907 4095 4147 4165 4209 4376 4449 4737 4875 4920 5073 5091 5092 5110 5151 5158 5383 5419 5530 5653 5707 5750 5786 5930 6078 6168 6218 6221 6328 6380 6473 6580 6822 6823 6826 6882 7003 7046 7047 7153 7171 7177 7202 7265 7357 7506 7570 7582 7639 7819 7919 7921 7944 8113 8122 8276 8298 8364 8422 8732 9010 9034 9165 9305 9353 9416 9452 10640 10660 10680 10690 10695 10699 10709 10715 10727 10730 10744 10747 10753 10756 10760 10761 10766 10769 10772 10774 10775 10780 10788 10794 10797 10798 10802 10803 10807 10809 10811 10815 10828 10830 10837 10838 10839 10855 10859 10862 10867 10869 10873 10874 10880 10881 10884 10889 10898 10900 10902 10906 10916 10917 10924 10927 10928 10937 10938 10939 10948 10953 10983 10994 11000 11016 11037 11054 11084 
	}
    
    history={
		owner = CRT
		add_core_of = CRT
	}
    
	buildings_max_level_factor=1.000
	local_supplies=0.000
        manpower=70600
        state_category = town
}
