
state={
	id=307
	name="Raska"
	provinces={
		191 310 337 931 1142 1728 1955 2240 2499 2636 2646 2778 2799 2812 2834 2908 3053 3055 3097 3340 3347 3950 4100 4122 4454 4587 4702 4722 4754 4937 4947 4957 5010 5076 5134 5229 5389 5433 5602 5743 5866 6035 6116 6324 6358 6486 6592 6607 6727 6754 6819 6833 7009 7072 7074 7112 7124 7241 7598 7614 7637 7695 7720 7917 7962 8074 8076 8152 8173 8185 8257 8270 8363 8423 8481 8599 8716 8826 8909 9168 9196 9232 9299 9339 9442 11808 11822 11844 11856 11921 11934 11946 11951 11959 11973 11975 11978 11989 11994 11995 12010 12012 12021 12036 12039 12045 12055 12058 12068 12072 12081 12085 12096 12122 12133 12142 12146 12154 12163 12166 12169 12176 12187 12193 12203 12204 12209 12210 12227 12243 12247 12248 12261 12272 12281 12296 12308 12318 12323 12332 12336 12365 12368 12372 12401 12422 
	}
    
    history={
		owner = SVR
		add_core_of = SVR
	}
    
	buildings_max_level_factor=1.000
	local_supplies=0.000
        manpower=288600
        state_category = town
}
