
state={
	id=308
	name="Sumadija"
	provinces={
		589 1510 1687 2185 2236 2577 2598 2801 2905 3038 3079 3387 3426 3553 3829 3832 3917 4263 4611 4615 4717 4894 4928 4954 5108 5480 5715 5807 5808 5852 5899 5905 5979 6030 6039 6076 6505 6557 6706 6914 7029 7440 7715 7745 7861 7998 8085 8336 8368 8594 8719 8736 8969 9270 9332 9347 9382 9439 11472 11498 11510 11534 11556 11576 11589 11624 11631 11638 11644 11650 11658 11667 11678 11700 11705 11723 11726 11734 11735 11755 11771 11789 11874 11900 11904 11938 12028 12050 
	}
    
    history={
		owner = MSR
		add_core_of = MSR
	}
    
	buildings_max_level_factor=1.000
	local_supplies=0.000
        manpower=1
        state_category = town
}
