state={
	id=309
	name="Southern Serbia"
	provinces={
		55 296 325 514 577 685 1079 1094 1107 1221 1362 1460 1639 1642 1762 2057 2165 2351 2422 2853 2979 3122 3134 3165 3253 3279 3573 3616 3704 3828 3834 4001 4008 4108 4112 4180 4194 4259 4308 4318 4320 4373 4380 4513 4791 4976 4987 5077 5081 5259 5334 5406 5463 5469 5652 5704 5740 5813 5823 5885 6090 6229 6230 6266 6419 6430 6542 6654 6719 6838 6845 6857 7025 7041 7080 7086 7244 7342 7354 7358 7405 7540 7607 7677 7815 7837 7843 7871 7939 8250 8269 8369 8396 8428 8449 8728 8752 8770 8785 8800 8842 8926 8931 9021 9022 9085 9203 9303 9459 9471 11942 11957 11969 11970 11979 11985 12004 12016 12022 12040 12043 12046 12051 12056 12062 12065 12082 12084 12089 12092 12103 12104 12110 12117 12127 12128 12131 12136 12138 12139 12143 12156 12159 12160 12167 12170 12185 12194 12201 12205 12206 12211 12222 12228 12229 12235 12244 12249 12256 12270 12273 12278 12282 12288 12289 12306 12309 12314 12319 12320 12328 12337 12343 12348 12349 12350 12357 12359 12369 12382 12386 12394 12395 12402 12405 12410 12417 12420 12425 12430 12444 12448 12451 12457 12482 12488 12493 12494 12507 12516 12522 12533 12540 12543 
	}
    
    history={
		owner = MSS
		add_core_of = MSS
	}
    
	manpower=0
	buildings_max_level_factor=1.000
	local_supplies=0.000
}
