state={
	id=311
	name="Zlatiborski"
	provinces={
		214 626 941 1440 1701 1906 2133 2147 2582 2583 2763 2885 2903 3167 3269 3294 3504 3695 3699 3753 3993 4061 4105 4214 4261 4267 4619 4701 4782 5142 5395 5587 5761 6220 6237 6334 6339 6465 6539 6588 6589 7020 7049 7168 7216 7238 7331 7374 8044 8295 8379 8478 8558 8602 8783 8832 9158 9212 9267 9279 9444 11226 11232 11304 11308 11331 11381 11403 11416 11431 11437 11438 11443 11463 11471 11477 11512 11517 11522 11523 11549 11550 11555 11560 11564 11582 11588 11597 11602 11611 11619 11623 11635 11643 11657 11663 11668 11681 11685 11703 11704 11708 11712 11739 11758 11759 11764 11774 11775 11786 11792 11806 11807 11818 11821 11836 11841 11842 11860 11871 11883 11887 11899 11952 11967 
	}
    
    history={
		owner = FMC
		add_core_of = FMC
	}
    
	manpower=0
	buildings_max_level_factor=1.000
	local_supplies=0.000
}
