state={
	id=312
	name="Eastern Serbia"
	provinces={
		67 221 228 692 812 904 1265 1290 1382 1454 1539 1629 1664 1746 1774 2169 2729 2813 2954 2987 2990 2991 3212 3446 3848 3877 4280 4339 4629 4777 4932 5000 5084 5095 5145 5291 5300 5378 5439 5610 5711 5842 5949 6054 6211 6496 6616 6714 6796 6811 6863 6879 7138 7183 7184 7187 7303 7406 7629 7709 7884 7904 7974 8095 8407 8493 8525 8570 8582 8645 8682 8695 8797 8834 8861 8864 9046 9056 9070 9073 9083 9135 9178 9237 9244 9406 11311 11369 11391 11400 11409 11410 11425 11428 11444 11446 11447 11449 11450 11453 11454 11455 11464 11467 11478 11479 11484 11493 11496 11500 11508 11514 11515 11524 11535 11538 11542 11544 11566 11570 11572 11579 11583 11590 11598 11604 11612 11614 11633 11645 11646 11652 11661 11664 11669 11680 11682 11683 11689 11690 11713 11727 11738 11740 11760 11776 11798 11810 11817 11823 11833 11849 11857 11868 11873 11875 11879 11880 11888 11897 11905 11907 11915 11916 11918 11922 11925 11926 11939 11947 
	}
    
    history={
		owner = MSR
		add_core_of = MSR
	}
    
	manpower=0
	buildings_max_level_factor=1.000
	local_supplies=0.000
}
