
state={
	id=314
	name="STATE_314"
	provinces={
		679 966 984 1030 2392 2445 2734 2739 3071 3295 3488 3496 3874 4177 4335 4557 4573 4599 4639 4837 5099 5234 5308 5369 5732 5803 5900 6527 6647 6780 7128 7197 7381 7432 7497 7945 8347 8386 8466 8584 8704 9142 9374 10413 10424 10458 10467 10490 10498 10499 10517 10526 10540 10542 10549 10553 10569 10573 10578 10583 10628 10641 10648 10661 10666 10674 10681 10687 10691 10707 10708 10724 10731 10732 10734 10749 10784 10793 10810 10831 
	}
	manpower=0
	buildings_max_level_factor=1.000
	local_supplies=0.000
}
