state={
	id=320
	name="Timisoara"
	provinces={
		20 375 392 649 802 839 1063 1332 1498 1879 2054 2178 2181 2394 2451 2502 3572 3758 3787 4279 4282 4509 4585 4618 5016 5270 5386 5688 6071 6569 6746 6757 6858 6866 6953 7000 7207 7229 7691 7802 8118 8303 8314 8339 8370 8562 8711 9098 9197 10300 10336 10345 10385 10405 10429 10434 10452 10459 10494 10495 10521 10524 10539 10546 10554 10565 10584 10589 10594 10597 10604 10611 10623 10632 10645 10654 10668 10670 10684 10698 10710 10713 10733 10738 10741 10763 10799 
	}
    
    history={
		owner = FMC
		add_core_of = FMC
	}
    
	buildings_max_level_factor=1.000
	local_supplies=0.000
        manpower=327600
        state_category = town
}
