
state={
	id=321
	name="STATE_321"
	provinces={
		190 1321 1387 1627 2452 3085 3164 3523 3843 3857 4351 4416 4919 5212 5325 5434 5449 5532 6279 6890 7485 7513 7605 7957 8459 8516 8538 8627 8750 9019 9155 11031 11057 11058 11060 11067 11074 11081 11096 11097 11104 11112 11113 11120 11132 11151 11156 11163 11173 11175 11187 11188 11192 11193 11201 11210 11214 11215 11219 11230 11241 11251 11264 11277 11281 11286 11293 11317 11327 11333 11363 11368 11387 11388 11390 11422 
	}
	manpower=0
	buildings_max_level_factor=1.000
	local_supplies=0.000
}
