
state={
	id=323
	name="STATE_323"
	provinces={
		50 420 558 968 1394 2217 2382 2819 3059 3674 3782 4048 4744 4946 5218 5435 5450 5736 5768 5911 6135 6151 6162 6584 6600 6861 6894 7460 7583 8228 8355 8401 8442 8479 8664 8690 8708 8789 8804 8978 9065 9186 9433 9458 10649 10682 10689 10700 10701 10716 10721 10737 10757 10758 10776 10782 10804 10808 10813 10818 10821 10825 10840 10848 10856 10863 10871 10876 10877 10882 10903 10936 10942 10955 10972 10973 10974 10981 11003 11009 11038 11043 
	}
    
    history={
		owner = FMC
		add_core_of = FMC
	}
    
	buildings_max_level_factor=1.000
	local_supplies=0.000
        manpower=1
        state_category = town
}
